team_name,team_code,round,dayofweek,date,comp,venue,result,opponent,goals_for,goals_against,xg_for,xg_against,possession,attendance,captain,formation,referee,shots,shots_on_target,shots_on_target_pct,goals_per_shot,goals_per_shot_on_target,average_shot_distance,shots_free_kicks,pens_made,pens_att,expected_goals,expected_goals_non_penalty,expected_goals_non_penalty_per_shot,expected_goals_net,expected_goals_non_penalty_net,shots_against,shots_on_target_against,shots_on_target_pct_against,goals_per_shot_against,goals_per_shot_on_target_against,average_shot_distance_against,shots_free_kicks_against,pens_made_against,pens_att_against,expected_goals_against,expected_goals_non_penalty_against,expected_goals_non_penalty_per_shot_against,expected_goals_net_against,expected_goals_non_penalty_net_against,sca,sca_passes_live,sca_passes_dead,sca_take_ons,sca_shots,sca_fouled,sca_defense,gca,gca_passes_live,gca_passes_dead,gca_take_ons,gca_shots,gca_fouled,gca_defense,sca_against,sca_passes_live_against,sca_passes_dead_against,sca_take_ons_against,sca_shots_against,sca_fouled_against,sca_defense_against,gca_against,gca_passes_live_against,gca_passes_dead_against,gca_take_ons_against,gca_shots_against,gca_fouled_against,gca_defense_against,cards_yellow,cards_red,cards_yellow_red,fouls,fouled,offsides,crosses,interceptions,tackles_won,pens_won,pens_conceded,own_goals,ball_recoveries,aerials_won,aerials_lost,aerials_won_pct,cards_yellow_against,cards_red_against,cards_yellow_red_against,fouls_against,fouled_against,offsides_against,crosses_against,interceptions_against,tackles_won_against,pens_won_against,pens_conceded_against,own_goals_against,ball_recoveries_against,aerials_won_against,aerials_lost_against,aerials_won_pct_against
Arsenal,18bb7c10,Matchweek 1,Sun,2025-08-17,EPL,Away,W,Manchester Utd,1,0,1.3,1.5,39,"73,475",Martin Ødegaard,4-3-3,Simon Hooper,9,3,33.3,0.11,0.33,18.6,1,0,0,1.3,1.3,0.15,-0.3,-0.3,22,7,31.8,0.00,0.00,17.4,1,0,0,1.5,1.5,0.07,-1.5,-1.5,14,8,0,3,1,1,1,2,0,0,1,0,0,1,42,31,1,5,1,3,1,0,0,0,0,0,0,0,4,0,0,19,10,2,11,4,10,0,0,0,39,16,20,44.4,1,0,0,10,19,1,15,4,11,0,0,0,39,20,16,55.6
Arsenal,18bb7c10,Matchweek 2,Sat,2025-08-23,EPL,Home,W,Leeds United,5,0,2.7,0.2,67,"60,110",Martin Ødegaard,4-3-3,Jarred Gillett,17,4,23.5,0.24,1.00,15.2,0,1,1,2.7,1.9,0.12,+2.3,+2.1,3,1,33.3,0.00,0.00,17.0,0,0,0,0.2,0.2,0.06,-0.2,-0.2,31,18,3,3,4,3,0,9,5,1,1,1,1,0,6,4,1,0,1,0,0,0,0,0,0,0,0,0,0,0,0,8,11,0,19,5,8,1,0,0,36,12,4,75.0,2,0,0,11,8,0,5,6,12,0,1,0,30,4,12,25.0
Arsenal,18bb7c10,Matchweek 3,Sun,2025-08-31,EPL,Away,L,Liverpool,0,1,0.5,0.5,47,"60,455",Gabriel Magalhães,4-3-3,Chris Kavanagh,11,1,9.1,0.00,0.00,17.5,1,0,0,0.5,0.5,0.04,-0.5,-0.5,9,3,33.3,0.11,0.33,22.4,1,0,0,0.5,0.5,0.06,+0.5,+0.5,16,9,2,0,4,1,0,0,0,0,0,0,0,0,16,13,0,1,1,1,0,2,1,0,0,0,1,0,2,0,0,10,7,0,17,9,6,0,0,0,34,8,10,44.4,2,0,0,7,10,1,7,7,9,0,0,0,38,10,8,55.6
Arsenal,18bb7c10,Matchweek 4,Sat,2025-09-13,EPL,Home,W,Nott'ham Forest,3,0,1.8,0.2,54,"60,167",Martin Ødegaard,4-3-3,Darren England,16,5,31.3,0.19,0.60,13.5,0,0,0,1.8,1.8,0.11,+1.2,+1.2,5,1,20.0,0.00,0.00,19.0,0,0,0,0.2,0.2,0.04,-0.2,-0.2,28,20,3,2,2,1,0,6,4,0,1,1,0,0,9,8,1,0,0,0,0,0,0,0,0,0,0,0,1,0,0,8,11,2,20,7,11,0,0,0,39,9,8,52.9,1,0,0,11,7,0,13,11,8,0,0,0,32,8,9,47.1
Arsenal,18bb7c10,Matchweek 5,Sun,2025-09-21,EPL,Home,D,Manchester City,1,1,0.9,0.9,66,"60,161",Gabriel Magalhães,4-3-3,Stuart Attwell,12,3,25.0,0.08,0.33,14.1,0,0,0,0.9,0.9,0.07,+0.1,+0.1,5,3,60.0,0.20,0.33,15.6,0,0,0,0.9,0.9,0.18,+0.1,+0.1,22,20,1,1,0,0,0,2,2,0,0,0,0,0,10,8,0,2,0,0,0,2,2,0,0,0,0,0,1,0,0,11,10,4,32,5,13,0,0,0,47,15,17,46.9,2,0,0,10,11,2,4,5,9,0,0,0,44,17,15,53.1
Arsenal,18bb7c10,Matchweek 6,Sun,2025-09-28,EPL,Away,W,Newcastle Utd,2,1,2.0,0.6,63,"52,199",Bukayo Saka,4-2-3-1,Jarred Gillett,20,7,35.0,0.10,0.29,14.2,0,0,0,2.0,2.0,0.10,0.0,0.0,8,3,37.5,0.13,0.33,13.7,0,0,0,0.6,0.6,0.08,+0.4,+0.4,37,28,4,1,3,1,0,4,3,1,0,0,0,0,14,10,3,0,0,1,0,2,2,0,0,0,0,0,1,0,0,9,8,0,23,10,6,0,0,0,40,22,26,45.8,2,0,0,8,8,1,15,8,8,0,0,0,30,26,22,54.2
Arsenal,18bb7c10,Matchweek 7,Sat,2025-10-04,EPL,Home,W,West Ham,2,0,2.8,0.4,67,"60,181",Martin Ødegaard,4-3-3,John Brooks,20,4,20.0,0.05,0.25,14.7,0,1,1,2.8,2.0,0.11,-0.8,-1.0,4,0,0.0,0.00,,10.5,0,0,0,0.4,0.4,0.11,-0.4,-0.4,33,20,2,1,6,4,0,3,1,0,0,1,1,0,7,4,3,0,0,0,0,0,0,0,0,0,0,0,0,0,0,14,14,1,23,7,14,1,0,0,30,12,12,50.0,2,0,0,14,13,1,11,12,7,0,1,0,27,12,12,50.0
Aston Villa,8602292d,Matchweek 1,Sat,2025-08-16,EPL,Home,D,Newcastle Utd,0,0,0.2,1.4,41,"42,526",John McGinn,4-2-3-1,Craig Pawson,3,3,100.0,0.00,0.00,14.6,0,0,0,0.2,0.2,0.07,-0.2,-0.2,16,3,18.8,0.00,0.00,23.8,0,0,0,1.4,1.4,0.09,-1.4,-1.4,6,5,0,1,0,0,0,0,0,0,0,0,0,0,29,24,1,1,0,1,2,0,0,0,0,0,0,0,1,1,0,13,11,2,11,10,5,0,0,0,40,9,18,33.3,1,0,0,11,13,1,26,12,8,0,0,0,50,18,9,66.7
Aston Villa,8602292d,Matchweek 2,Sat,2025-08-23,EPL,Away,L,Brentford,0,1,1.2,1.2,76,"16,838",John McGinn,4-2-3-1,Tony Harrington,17,2,11.8,0.00,0.00,16.9,0,0,0,1.2,1.2,0.07,-1.2,-1.2,9,2,22.2,0.11,0.50,12.6,0,0,0,1.2,1.2,0.16,-0.2,-0.2,31,28,2,0,1,0,0,0,0,0,0,0,0,0,15,7,1,3,4,0,0,1,0,0,0,1,0,0,2,0,0,9,11,0,27,6,12,0,0,0,40,19,17,52.8,1,0,0,11,9,1,11,11,15,0,0,0,47,17,19,47.2
Aston Villa,8602292d,Matchweek 3,Sun,2025-08-31,EPL,Home,L,Crystal Palace,0,3,1.1,2.6,59,"41,036",John McGinn,4-2-3-1,Stuart Attwell,13,4,30.8,0.00,0.00,16.6,0,0,0,1.1,1.1,0.09,-1.1,-1.1,5,3,60.0,0.40,0.67,14.9,0,1,1,2.6,1.9,0.37,+0.4,+0.1,23,18,3,0,2,0,0,0,0,0,0,0,0,0,12,9,1,1,0,1,0,6,4,1,0,0,1,0,2,0,0,7,13,0,31,6,5,0,1,0,38,6,9,40.0,3,0,0,14,7,2,11,10,16,1,0,0,40,9,6,60.0
Aston Villa,8602292d,Matchweek 4,Sat,2025-09-13,EPL,Away,D,Everton,0,0,0.4,2.0,51,"52,114",John McGinn,4-2-3-1,Simon Hooper,7,1,14.3,0.00,0.00,22.6,1,0,0,0.4,0.4,0.06,-0.4,-0.4,20,2,10.0,0.00,0.00,15.6,0,0,0,2.0,2.0,0.10,-2.0,-2.0,11,6,2,0,1,2,0,0,0,0,0,0,0,0,37,25,5,2,3,1,1,0,0,0,0,0,0,0,3,0,0,15,16,2,10,4,11,0,0,0,36,17,20,45.9,3,0,0,17,15,2,22,5,16,0,0,0,40,20,17,54.1
Aston Villa,8602292d,Matchweek 5,Sun,2025-09-21,EPL,Away,D,Sunderland,1,1,0.8,1.0,71,"46,261",John McGinn,4-2-3-1,Samuel Barrott,12,2,16.7,0.08,0.50,20.9,0,0,0,0.8,0.8,0.07,+0.2,+0.2,14,4,28.6,0.07,0.25,14.9,0,0,0,1.0,1.0,0.07,0.0,0.0,24,22,0,0,0,1,1,2,2,0,0,0,0,0,22,11,4,2,3,1,1,2,1,0,0,1,0,0,1,0,0,8,13,3,26,3,7,0,0,0,31,16,14,53.3,2,1,0,14,8,0,12,8,13,0,0,0,25,14,16,46.7
Aston Villa,8602292d,Matchweek 6,Sun,2025-09-28,EPL,Home,W,Fulham,3,1,1.1,1.1,48,"40,350",John McGinn,4-2-3-1,Andy Madley,9,4,44.4,0.33,0.75,19.8,1,0,0,1.1,1.1,0.12,+1.9,+1.9,11,3,27.3,0.09,0.33,16.4,0,0,0,1.1,1.1,0.10,-0.1,-0.1,15,11,1,0,0,2,1,5,5,0,0,0,0,0,21,16,2,3,0,0,0,2,1,1,0,0,0,0,1,0,0,10,11,2,10,7,4,0,0,0,38,12,9,57.1,4,0,0,13,10,4,30,9,7,0,0,0,43,9,12,42.9
Aston Villa,8602292d,Matchweek 7,Sun,2025-10-05,EPL,Home,W,Burnley,2,1,1.1,0.4,54,"40,308",John McGinn,4-2-2-2,Andrew Kitchen,15,7,46.7,0.13,0.29,14.2,0,0,0,1.1,1.1,0.08,+0.9,+0.9,5,2,40.0,0.20,0.50,16.2,0,0,0,0.4,0.4,0.08,+0.6,+0.6,28,20,5,0,3,0,0,4,4,0,0,0,0,0,10,4,4,0,1,0,1,2,0,1,0,1,0,0,3,0,0,9,15,3,11,5,10,0,0,0,42,20,6,76.9,1,0,0,15,9,5,7,13,11,0,0,0,43,6,20,23.1
Bournemouth,4ba7cbea,Matchweek 1,Fri,2025-08-15,EPL,Away,L,Liverpool,2,4,1.7,2.2,39,"60,315",Adam Smith,4-1-4-1,Anthony Taylor,10,3,30.0,0.20,0.67,14.3,1,0,0,1.7,1.7,0.17,+0.3,+0.3,19,10,52.6,0.21,0.40,16.6,0,0,0,2.2,2.2,0.12,+1.8,+1.8,18,15,1,1,0,1,0,3,3,0,0,0,0,0,36,32,2,1,1,0,0,7,6,0,1,0,0,0,2,0,0,10,6,2,20,11,12,0,0,0,46,18,29,38.3,1,0,0,7,10,2,17,4,13,0,0,0,46,29,18,61.7
Bournemouth,4ba7cbea,Matchweek 2,Sat,2025-08-23,EPL,Home,W,Wolves,1,0,1.3,0.5,59,"11,070",Adam Smith,4-1-4-1,Thomas Bramall,14,4,28.6,0.07,0.25,19.1,2,0,0,1.3,1.3,0.09,-0.3,-0.3,6,1,16.7,0.00,0.00,16.8,1,0,0,0.5,0.5,0.08,-0.5,-0.5,27,19,2,1,1,2,2,2,1,0,0,0,0,1,11,9,1,0,0,1,0,0,0,0,0,0,0,0,2,0,0,13,16,2,20,6,9,0,0,0,31,7,25,21.9,4,1,0,16,13,2,17,9,14,0,0,0,27,25,7,78.1
Bournemouth,4ba7cbea,Matchweek 3,Sat,2025-08-30,EPL,Away,W,Tottenham,1,0,1.5,0.2,39,"61,250",Adam Smith,4-2-3-1,Simon Hooper,20,6,30.0,0.05,0.17,16.1,1,0,0,1.5,1.5,0.08,-0.5,-0.5,5,1,20.0,0.00,0.00,19.0,0,0,0,0.2,0.2,0.04,-0.2,-0.2,36,28,1,1,4,1,1,2,2,0,0,0,0,0,10,8,1,0,0,1,0,0,0,0,0,0,0,0,4,0,0,13,17,3,18,9,13,0,0,0,50,16,17,48.5,2,0,0,17,13,2,20,4,8,0,0,0,45,17,16,51.5
Bournemouth,4ba7cbea,Matchweek 4,Sat,2025-09-13,EPL,Home,W,Brighton,2,1,1.4,0.6,51,"11,167",David Brooks,4-2-3-1,Peter Bankes,12,4,33.3,0.08,0.25,19.6,2,1,1,1.4,0.7,0.05,+0.6,+0.3,6,2,33.3,0.17,0.50,14.7,0,0,0,0.6,0.6,0.10,+0.4,+0.4,25,17,2,1,0,3,2,4,2,0,1,0,1,0,12,8,1,2,1,0,0,2,2,0,0,0,0,0,4,0,0,16,10,1,19,3,14,1,0,0,46,17,9,65.4,4,0,0,10,16,0,17,6,16,0,1,0,44,9,17,34.6
Bournemouth,4ba7cbea,Matchweek 5,Sun,2025-09-21,EPL,Home,D,Newcastle Utd,0,0,0.5,0.2,55,"11,212",David Brooks,4-2-3-1,Robert Jones,11,2,18.2,0.00,0.00,22.7,1,0,0,0.5,0.5,0.04,-0.5,-0.5,4,1,25.0,0.00,0.00,23.3,0,0,0,0.2,0.2,0.06,-0.2,-0.2,17,11,2,2,1,1,0,0,0,0,0,0,0,0,8,7,0,1,0,0,0,0,0,0,0,0,0,0,2,0,0,7,8,3,21,16,8,0,0,0,55,18,16,52.9,1,0,0,10,7,2,16,8,11,0,0,0,46,16,18,47.1
Bournemouth,4ba7cbea,Matchweek 6,Sat,2025-09-27,EPL,Away,D,Leeds United,2,2,0.7,1.8,59,"36,574",Ryan Christie,4-2-3-1,Michael Oliver,12,5,41.7,0.17,0.40,19.4,1,0,0,0.7,0.7,0.06,+1.3,+1.3,19,8,42.1,0.11,0.25,13.9,0,0,0,1.8,1.8,0.10,+0.2,+0.2,23,17,2,2,0,2,0,4,2,1,0,0,1,0,23,11,4,0,6,0,2,3,0,1,0,2,0,0,2,0,0,13,11,2,21,7,11,0,0,0,44,18,17,51.4,2,0,0,12,13,0,16,9,16,0,0,0,33,17,18,48.6
Bournemouth,4ba7cbea,Matchweek 7,Fri,2025-10-03,EPL,Home,W,Fulham,3,1,1.2,0.9,54,"11,165",David Brooks,4-2-3-1,Simon Hooper,11,6,54.5,0.27,0.50,18.8,0,0,0,1.2,1.2,0.11,+1.8,+1.8,12,4,33.3,0.08,0.25,19.7,0,0,0,0.9,0.9,0.07,+0.1,+0.1,19,16,0,2,0,0,1,6,5,0,1,0,0,0,22,19,1,2,0,0,0,2,2,0,0,0,0,0,0,0,0,8,9,2,25,8,7,0,0,0,53,11,6,64.7,1,0,0,10,7,2,17,7,9,0,0,0,50,6,11,35.3
Brentford,cd051869,Matchweek 1,Sun,2025-08-17,EPL,Away,L,Nott'ham Forest,1,3,1.4,1.8,46,"29,949",Nathan Collins,4-2-3-1,Peter Bankes,9,2,22.2,0.00,0.00,16.2,0,1,1,1.4,0.7,0.08,-0.4,-0.7,11,5,45.5,0.27,0.60,18.6,0,0,0,1.8,1.8,0.17,+1.2,+1.2,15,7,4,2,1,1,0,1,0,1,0,0,0,0,21,19,0,1,1,0,0,6,5,0,1,0,0,0,2,0,0,15,5,0,16,5,6,0,0,0,41,16,17,48.5,1,0,0,7,15,2,24,9,7,0,1,0,43,17,16,51.5
Brentford,cd051869,Matchweek 2,Sat,2025-08-23,EPL,Home,W,Aston Villa,1,0,1.2,1.2,24,"16,838",Nathan Collins,4-2-3-1,Tony Harrington,9,2,22.2,0.11,0.50,12.6,0,0,0,1.2,1.2,0.16,-0.2,-0.2,17,2,11.8,0.00,0.00,16.9,0,0,0,1.2,1.2,0.07,-1.2,-1.2,15,7,1,3,4,0,0,1,0,0,0,1,0,0,31,28,2,0,1,0,0,0,0,0,0,0,0,0,1,0,0,11,9,1,11,11,15,0,0,0,47,17,19,47.2,2,0,0,9,11,0,27,6,12,0,0,0,40,19,17,52.8
Brentford,cd051869,Matchweek 3,Sat,2025-08-30,EPL,Away,L,Sunderland,1,2,1.2,1.5,46,"46,267",Nathan Collins,4-2-3-1,Anthony Taylor,6,3,50.0,0.17,0.33,16.0,0,0,1,1.2,0.4,0.07,-0.2,+0.6,11,2,18.2,0.09,0.50,18.4,0,1,1,1.5,0.7,0.07,+0.5,+0.3,10,8,1,0,0,1,0,2,2,0,0,0,0,0,19,11,2,1,2,2,1,4,2,0,0,0,2,0,2,0,0,12,10,3,16,4,7,1,1,0,31,22,23,48.9,3,0,0,11,10,0,18,7,14,1,1,0,28,23,22,51.1
Brentford,cd051869,Matchweek 4,Sat,2025-09-13,EPL,Home,D,Chelsea,2,2,1.4,1.3,34,"16,795",Nathan Collins,5-3-2,Stuart Attwell,7,4,57.1,0.29,0.50,11.8,0,0,0,1.4,1.4,0.20,+0.6,+0.6,16,6,37.5,0.13,0.33,19.6,1,0,0,1.3,1.3,0.08,+0.7,+0.7,14,12,2,0,0,0,0,4,3,1,0,0,0,0,31,26,0,2,1,1,1,4,4,0,0,0,0,0,3,0,0,13,9,0,18,6,10,0,0,0,30,7,14,33.3,2,0,0,9,13,4,17,13,9,0,0,0,34,14,7,66.7
Brentford,cd051869,Matchweek 5,Sat,2025-09-20,EPL,Away,L,Fulham,1,3,0.6,1.0,48,"26,113",Nathan Collins,5-3-2,Michael Oliver,8,3,37.5,0.13,0.33,12.4,0,0,0,0.6,0.6,0.08,+0.4,+0.4,14,3,21.4,0.14,0.67,17.8,0,0,0,1.0,1.0,0.07,+1.0,+1.0,8,5,3,0,0,0,0,0,0,0,0,0,0,0,23,17,2,0,3,1,0,3,2,0,0,1,0,0,1,0,0,13,10,2,21,5,6,0,0,1,34,9,14,39.1,4,0,0,11,13,2,13,6,9,0,0,0,37,14,9,60.9
Brentford,cd051869,Matchweek 6,Sat,2025-09-27,EPL,Home,W,Manchester Utd,3,1,1.9,2.1,45,"17,193",Nathan Collins,4-2-3-1,Craig Pawson,10,8,80.0,0.30,0.38,14.4,0,0,0,1.9,1.9,0.20,+1.1,+1.1,13,5,38.5,0.08,0.20,15.6,0,0,1,2.1,1.3,0.12,-1.1,-0.3,18,11,4,1,0,1,1,5,4,0,1,0,0,0,24,16,2,0,4,1,1,1,0,0,0,1,0,0,2,0,0,14,10,2,14,7,8,0,1,0,36,22,19,53.7,2,0,0,10,14,1,14,4,9,1,0,0,38,19,22,46.3
Brentford,cd051869,Matchweek 7,Sun,2025-10-05,EPL,Home,L,Manchester City,0,1,0.7,0.8,31,"17,028",Nathan Collins,5-3-2,Darren England,6,1,16.7,0.00,0.00,20.2,0,0,0,0.7,0.7,0.12,-0.7,-0.7,10,4,40.0,0.10,0.25,17.9,0,0,0,0.8,0.8,0.08,+0.2,+0.2,8,7,0,0,1,0,0,0,0,0,0,0,0,0,20,16,1,2,1,0,0,2,2,0,0,0,0,0,3,0,0,10,5,1,14,11,10,0,0,0,33,8,17,32.0,2,0,0,6,10,1,9,6,10,0,0,0,41,17,8,68.0
Brighton,d07537b9,Matchweek 1,Sat,2025-08-16,EPL,Home,D,Fulham,1,1,1.5,0.7,49,"31,478",Lewis Dunk,4-2-3-1,Samuel Barrott,9,3,33.3,0.00,0.00,19.0,0,1,1,1.5,0.7,0.08,-0.5,-0.7,7,2,28.6,0.14,0.50,12.5,0,0,0,0.7,0.7,0.11,+0.3,+0.3,17,13,2,0,0,2,0,2,1,0,0,0,1,0,12,9,1,0,2,0,0,1,0,0,0,1,0,0,3,0,0,16,15,3,11,9,9,1,0,0,37,13,8,61.9,3,0,0,15,16,2,14,2,8,0,1,0,28,8,13,38.1
Brighton,d07537b9,Matchweek 2,Sun,2025-08-24,EPL,Away,L,Everton,0,2,2.4,1.6,58,"51,759",Lewis Dunk,4-2-3-1,Stuart Attwell,12,3,25.0,0.00,0.00,19.8,0,0,1,2.4,1.6,0.14,-2.4,-1.6,11,3,27.3,0.18,0.67,16.0,0,0,0,1.6,1.6,0.15,+0.4,+0.4,22,17,0,2,1,0,2,0,0,0,0,0,0,0,21,13,3,3,1,1,0,4,4,0,0,0,0,0,3,0,0,15,6,6,11,5,8,0,0,0,38,16,31,34.0,4,0,0,7,15,0,12,8,8,0,1,0,34,31,16,66.0
Brighton,d07537b9,Matchweek 3,Sun,2025-08-31,EPL,Home,W,Manchester City,2,1,2.2,1.8,37,"31,485",Lewis Dunk,4-2-3-1,Darren England,11,6,54.5,0.09,0.17,16.9,0,1,1,2.2,1.5,0.14,-0.2,-0.5,12,3,25.0,0.08,0.33,15.1,0,0,0,1.8,1.8,0.15,-0.8,-0.8,19,11,2,3,2,1,0,3,1,0,1,1,0,0,21,17,1,2,1,0,0,2,1,0,1,0,0,0,2,0,0,16,13,1,8,8,13,0,0,0,43,9,14,39.1,2,0,0,14,15,0,5,9,7,0,1,0,41,14,9,60.9
Brighton,d07537b9,Matchweek 4,Sat,2025-09-13,EPL,Away,L,Bournemouth,1,2,0.6,1.4,49,"11,167",Lewis Dunk,4-2-3-1,Peter Bankes,6,2,33.3,0.17,0.50,14.7,0,0,0,0.6,0.6,0.10,+0.4,+0.4,12,4,33.3,0.08,0.25,19.6,2,1,1,1.4,0.7,0.05,+0.6,+0.3,12,8,1,2,1,0,0,2,2,0,0,0,0,0,25,17,2,1,0,3,2,4,2,0,1,0,1,0,4,0,0,10,16,0,17,6,16,0,1,0,44,9,17,34.6,4,0,0,16,10,1,19,3,14,1,0,0,46,17,9,65.4
Brighton,d07537b9,Matchweek 5,Sat,2025-09-20,EPL,Home,D,Tottenham,2,2,1.3,1.2,36,"31,488",Lewis Dunk,4-2-3-1,Chris Kavanagh,12,4,33.3,0.17,0.50,24.1,1,0,0,1.3,1.3,0.11,+0.7,+0.7,11,3,27.3,0.09,0.33,14.1,0,0,0,1.2,1.2,0.11,-0.2,-0.2,21,14,1,3,1,1,1,2,1,0,1,0,0,0,21,17,1,1,2,0,0,1,0,0,0,1,0,0,1,0,0,10,13,0,8,5,17,0,0,1,45,13,12,52.0,2,0,0,13,10,1,32,9,10,0,0,0,53,12,13,48.0
Brighton,d07537b9,Matchweek 6,Sat,2025-09-27,EPL,Away,W,Chelsea,3,1,2.3,1.8,41,"39,597",Lewis Dunk,4-2-3-1,Simon Hooper,12,3,25.0,0.25,1.00,15.0,2,0,0,2.3,2.3,0.19,+0.7,+0.7,13,3,23.1,0.08,0.33,18.1,2,0,0,1.8,1.8,0.14,-0.8,-0.8,18,11,1,0,2,3,1,5,5,0,0,0,0,0,25,16,2,3,0,3,1,2,2,0,0,0,0,0,5,0,0,16,9,2,13,12,13,0,0,0,37,11,7,61.1,3,1,0,9,16,2,14,10,11,0,0,0,25,7,11,38.9
Brighton,d07537b9,Matchweek 7,Sun,2025-10-05,EPL,Away,D,Wolves,1,1,0.9,0.6,59,"29,504",Lewis Dunk,4-2-3-1,Jarred Gillett,17,6,35.3,0.06,0.17,19.9,2,0,0,0.9,0.9,0.05,+0.1,+0.1,6,3,50.0,0.00,0.00,17.0,1,0,0,0.6,0.6,0.09,-0.6,-0.6,29,22,2,1,1,2,1,1,0,0,0,1,0,0,12,6,2,1,0,2,1,0,0,0,0,0,0,0,4,0,0,9,13,3,31,9,10,0,0,1,43,12,15,44.4,2,0,0,13,9,1,15,9,14,0,0,0,45,15,12,55.6
Burnley,943e8050,Matchweek 1,Sat,2025-08-16,EPL,Away,L,Tottenham,0,3,0.9,2.3,34,"61,077",Josh Cullen,5-4-1,Michael Oliver,14,4,28.6,0.00,0.00,20.1,1,0,0,0.9,0.9,0.07,-0.9,-0.9,16,6,37.5,0.19,0.50,13.7,0,0,0,2.3,2.3,0.15,+0.7,+0.7,24,17,4,0,1,2,0,0,0,0,0,0,0,0,29,19,3,4,3,0,0,6,4,0,2,0,0,0,0,0,0,8,14,4,14,7,2,0,0,0,26,18,17,51.4,0,0,0,14,7,0,27,1,9,0,0,0,31,17,18,48.6
Burnley,943e8050,Matchweek 2,Sat,2025-08-23,EPL,Home,W,Sunderland,2,0,1.0,0.8,42,"21,285",Josh Cullen,4-2-3-1,Michael Salisbury,7,2,28.6,0.29,1.00,17.3,0,0,0,1.0,1.0,0.14,+1.0,+1.0,9,1,11.1,0.00,0.00,16.7,0,0,0,0.8,0.8,0.09,-0.8,-0.8,12,10,1,1,0,0,0,4,3,0,1,0,0,0,18,15,2,0,1,0,0,0,0,0,0,0,0,0,0,0,0,9,5,0,15,7,11,0,0,0,44,15,19,44.1,1,0,0,5,9,2,24,7,8,0,0,0,38,19,15,55.9
Burnley,943e8050,Matchweek 3,Sat,2025-08-30,EPL,Away,L,Manchester Utd,2,3,1.2,3.6,38,"74,257",Josh Cullen,4-2-3-1,Samuel Barrott,6,3,50.0,0.33,0.67,13.7,1,0,0,1.2,1.2,0.21,+0.8,+0.8,25,5,20.0,0.04,0.20,14.7,0,1,1,3.6,2.8,0.11,-1.6,-1.8,8,4,2,0,1,1,0,3,2,0,0,1,0,0,45,30,5,1,5,3,1,4,2,0,1,0,1,0,5,0,0,9,9,1,9,9,14,0,1,1,34,21,21,50.0,1,0,0,9,8,1,26,3,9,1,0,0,48,21,21,50.0
Burnley,943e8050,Matchweek 4,Sun,2025-09-14,EPL,Home,L,Liverpool,0,1,0.1,2.6,20,"21,678",Josh Cullen,5-4-1,Michael Oliver,3,0,0.0,0.00,,20.1,0,0,0,0.1,0.1,0.05,-0.1,-0.1,26,3,11.5,0.00,0.00,18.5,1,1,1,2.6,1.9,0.07,-1.6,-1.9,5,1,1,1,0,2,0,0,0,0,0,0,0,0,49,39,2,4,3,1,0,1,1,0,0,0,0,0,2,1,1,9,7,3,3,17,11,0,1,0,20,16,27,37.2,2,0,0,9,8,1,44,7,7,0,0,0,28,27,16,62.8
Burnley,943e8050,Matchweek 5,Sat,2025-09-20,EPL,Home,D,Nott'ham Forest,1,1,0.9,1.1,37,"21,475",Josh Cullen,5-4-1,Thomas Bramall,12,5,41.7,0.08,0.20,14.4,1,0,0,0.9,0.9,0.08,+0.1,+0.1,17,8,47.1,0.06,0.13,19.6,0,0,0,1.1,1.1,0.06,-0.1,-0.1,21,14,1,1,3,2,0,1,0,0,0,1,0,0,31,26,1,1,2,0,1,2,2,0,0,0,0,0,1,0,0,12,10,1,26,10,9,0,0,0,39,13,9,59.1,1,0,0,11,12,2,30,7,6,0,0,0,42,9,13,40.9
Burnley,943e8050,Matchweek 6,Sat,2025-09-27,EPL,Away,L,Manchester City,1,5,0.4,2.0,32,"52,427",Josh Cullen,5-4-1,Robert Jones,9,2,22.2,0.11,0.50,17.9,0,0,0,0.4,0.4,0.05,+0.6,+0.6,21,8,38.1,0.14,0.38,16.8,0,0,0,2.0,2.0,0.10,+1.0,+1.0,16,13,1,0,2,0,0,2,2,0,0,0,0,0,32,22,3,4,3,0,0,4,4,0,0,0,0,0,3,0,0,7,5,1,7,10,9,0,0,2,30,14,10,58.3,1,0,0,5,7,1,23,4,6,0,0,0,33,10,14,41.7
Burnley,943e8050,Matchweek 7,Sun,2025-10-05,EPL,Away,L,Aston Villa,1,2,0.4,1.1,46,"40,308",Josh Cullen,5-4-1,Andrew Kitchen,5,2,40.0,0.20,0.50,16.2,0,0,0,0.4,0.4,0.08,+0.6,+0.6,15,7,46.7,0.13,0.29,14.2,0,0,0,1.1,1.1,0.08,+0.9,+0.9,10,4,4,0,1,0,1,2,0,1,0,1,0,0,28,20,5,0,3,0,0,4,4,0,0,0,0,0,1,0,0,15,9,5,7,13,11,0,0,0,43,6,20,23.1,3,0,0,9,15,3,11,5,10,0,0,0,42,20,6,76.9
Chelsea,cff3d9bb,Matchweek 1,Sun,2025-08-17,EPL,Home,D,Crystal Palace,0,0,1.6,0.6,71,"39,678",Reece James,4-2-3-1,Darren England,19,2,10.5,0.00,0.00,16.8,1,0,0,1.6,1.6,0.08,-1.6,-1.6,11,4,36.4,0.00,0.00,27.0,0,0,0,0.6,0.6,0.06,-0.6,-0.6,31,21,3,1,4,1,1,0,0,0,0,0,0,0,15,7,4,0,2,2,0,0,0,0,0,0,0,0,2,0,0,10,10,0,29,11,6,0,0,0,34,17,16,51.5,3,0,0,12,10,0,11,7,13,0,0,0,32,16,17,48.5
Chelsea,cff3d9bb,Matchweek 2,Fri,2025-08-22,EPL,Away,W,West Ham,5,1,2.7,0.7,58,"62,462",Enzo Fernández,4-2-3-1,Michael Oliver,12,7,58.3,0.42,0.71,12.3,0,0,0,2.7,2.7,0.23,+2.3,+2.3,12,4,33.3,0.08,0.25,13.6,1,0,0,0.7,0.7,0.06,+0.3,+0.3,20,16,1,2,1,0,0,9,6,1,1,1,0,0,20,13,4,1,1,1,0,1,1,0,0,0,0,0,1,0,0,10,7,2,15,4,13,0,0,0,31,15,14,51.7,0,0,0,7,9,4,16,7,6,0,0,0,30,14,15,48.3
Chelsea,cff3d9bb,Matchweek 3,Sat,2025-08-30,EPL,Home,W,Fulham,2,0,2.1,0.9,54,"39,745",Enzo Fernández,4-2-3-1,Robert Jones,12,5,41.7,0.08,0.20,15.6,0,1,1,2.1,1.4,0.13,-0.1,-0.4,11,1,9.1,0.00,0.00,15.3,1,0,0,0.9,0.9,0.09,-0.9,-0.9,21,12,3,1,4,0,1,3,1,1,0,1,0,0,18,13,2,0,2,1,0,0,0,0,0,0,0,0,2,0,0,11,16,3,13,18,9,0,0,0,43,17,13,56.7,2,0,0,17,11,1,15,6,12,0,1,0,36,13,17,43.3
Chelsea,cff3d9bb,Matchweek 4,Sat,2025-09-13,EPL,Away,D,Brentford,2,2,1.3,1.4,66,"16,795",Enzo Fernández,4-2-3-1,Stuart Attwell,16,6,37.5,0.13,0.33,19.6,1,0,0,1.3,1.3,0.08,+0.7,+0.7,7,4,57.1,0.29,0.50,11.8,0,0,0,1.4,1.4,0.20,+0.6,+0.6,31,26,0,2,1,1,1,4,4,0,0,0,0,0,14,12,2,0,0,0,0,4,3,1,0,0,0,0,2,0,0,9,13,4,17,13,9,0,0,0,34,14,7,66.7,3,0,0,13,9,0,18,6,10,0,0,0,30,7,14,33.3
Chelsea,cff3d9bb,Matchweek 5,Sat,2025-09-20,EPL,Away,L,Manchester Utd,1,2,0.4,1.8,58,"74,124",Reece James,4-2-3-1,Peter Bankes,5,1,20.0,0.20,1.00,12.8,0,0,0,0.4,0.4,0.08,+0.6,+0.6,11,4,36.4,0.18,0.50,14.9,1,0,0,1.8,1.8,0.17,+0.2,+0.2,10,8,2,0,0,0,0,2,1,1,0,0,0,0,17,11,1,0,4,1,0,3,2,0,0,1,0,0,5,1,0,14,13,2,15,8,13,0,0,0,40,16,11,59.3,2,1,1,13,14,3,26,10,16,0,0,0,45,11,16,40.7
Chelsea,cff3d9bb,Matchweek 6,Sat,2025-09-27,EPL,Home,L,Brighton,1,3,1.8,2.3,59,"39,597",Reece James,4-3-3,Simon Hooper,13,3,23.1,0.08,0.33,18.1,2,0,0,1.8,1.8,0.14,-0.8,-0.8,12,3,25.0,0.25,1.00,15.0,2,0,0,2.3,2.3,0.19,+0.7,+0.7,25,16,2,3,0,3,1,2,2,0,0,0,0,0,18,11,1,0,2,3,1,5,5,0,0,0,0,0,3,1,0,9,16,2,14,10,11,0,0,0,25,7,11,38.9,5,0,0,16,9,2,13,12,13,0,0,0,37,11,7,61.1
Chelsea,cff3d9bb,Matchweek 7,Sat,2025-10-04,EPL,Home,W,Liverpool,2,1,1.0,1.9,53,"39,538",Reece James,4-2-3-1,Anthony Taylor,12,6,50.0,0.17,0.33,19.1,0,0,0,1.0,1.0,0.08,+1.0,+1.0,12,2,16.7,0.08,0.50,16.5,0,0,0,1.9,1.9,0.16,-0.9,-0.9,21,19,0,0,1,1,0,4,4,0,0,0,0,0,21,19,0,1,1,0,0,2,2,0,0,0,0,0,0,0,0,9,8,2,20,13,12,0,0,0,44,6,6,50.0,2,0,0,8,8,2,11,9,12,0,0,0,40,6,6,50.0
Crystal Palace,47c64c55,Matchweek 1,Sun,2025-08-17,EPL,Away,D,Chelsea,0,0,0.6,1.6,29,"39,678",Marc Guéhi,3-4-3,Darren England,11,4,36.4,0.00,0.00,27.0,0,0,0,0.6,0.6,0.06,-0.6,-0.6,19,2,10.5,0.00,0.00,16.8,1,0,0,1.6,1.6,0.08,-1.6,-1.6,15,7,4,0,2,2,0,0,0,0,0,0,0,0,31,21,3,1,4,1,1,0,0,0,0,0,0,0,3,0,0,12,10,0,11,7,13,0,0,0,32,16,17,48.5,2,0,0,10,10,0,29,11,6,0,0,0,34,17,16,51.5
Crystal Palace,47c64c55,Matchweek 2,Sun,2025-08-24,EPL,Home,D,Nott'ham Forest,1,1,1.1,0.9,42,"24,876",Marc Guéhi,3-4-3,Anthony Taylor,8,4,50.0,0.13,0.25,13.4,0,0,0,1.1,1.1,0.14,-0.1,-0.1,9,1,11.1,0.11,1.00,13.2,0,0,0,0.9,0.9,0.10,+0.1,+0.1,15,10,3,1,0,1,0,2,2,0,0,0,0,0,16,12,0,2,1,0,1,2,1,0,1,0,0,0,3,0,0,11,11,2,18,7,11,0,0,0,39,15,17,46.9,3,0,0,11,10,2,26,10,7,0,0,0,43,17,15,53.1
Crystal Palace,47c64c55,Matchweek 3,Sun,2025-08-31,EPL,Away,W,Aston Villa,3,0,2.6,1.1,41,"41,036",Marc Guéhi,3-4-3,Stuart Attwell,5,3,60.0,0.40,0.67,14.9,0,1,1,2.6,1.9,0.37,+0.4,+0.1,13,4,30.8,0.00,0.00,16.6,0,0,0,1.1,1.1,0.09,-1.1,-1.1,12,9,1,1,0,1,0,6,4,1,0,0,1,0,23,18,3,0,2,0,0,0,0,0,0,0,0,0,3,0,0,14,7,2,11,10,16,1,0,0,40,9,6,60.0,2,0,0,7,13,0,31,6,5,0,1,0,38,6,9,40.0
Crystal Palace,47c64c55,Matchweek 4,Sat,2025-09-13,EPL,Home,D,Sunderland,0,0,1.8,0.4,56,"25,154",Marc Guéhi,3-4-3,Thomas Bramall,14,6,42.9,0.00,0.00,16.2,0,0,0,1.8,1.8,0.13,-1.8,-1.8,6,0,0.0,0.00,,15.3,0,0,0,0.4,0.4,0.07,-0.4,-0.4,23,18,2,0,3,0,0,0,0,0,0,0,0,0,11,6,2,1,0,1,1,0,0,0,0,0,0,0,1,0,0,10,7,0,20,6,6,0,0,0,34,14,20,41.2,1,0,0,8,9,2,17,10,9,0,0,0,37,20,14,58.8
Crystal Palace,47c64c55,Matchweek 5,Sat,2025-09-20,EPL,Away,W,West Ham,2,1,2.1,0.6,43,"62,455",Marc Guéhi,3-4-3,Tony Harrington,18,3,16.7,0.11,0.67,13.9,0,0,0,2.1,2.1,0.13,-0.1,-0.1,8,3,37.5,0.13,0.33,12.9,0,0,0,0.6,0.6,0.08,+0.4,+0.4,33,24,5,0,3,1,0,3,2,0,0,1,0,0,15,12,2,1,0,0,0,2,1,1,0,0,0,0,3,0,0,5,15,2,18,10,16,0,0,0,33,28,18,60.9,3,0,0,15,5,1,22,7,6,0,0,0,36,18,28,39.1
Crystal Palace,47c64c55,Matchweek 6,Sat,2025-09-27,EPL,Home,W,Liverpool,2,1,2.9,2.1,29,"25,118",Marc Guéhi,3-4-3,Chris Kavanagh,16,7,43.8,0.13,0.29,14.9,0,0,0,2.9,2.9,0.18,-0.9,-0.9,20,4,20.0,0.05,0.25,15.5,1,0,0,2.1,2.1,0.11,-1.1,-1.1,27,17,1,3,4,1,1,4,3,0,0,0,0,1,35,25,2,1,5,1,1,2,2,0,0,0,0,0,1,0,0,10,7,2,8,9,16,0,0,0,32,11,22,33.3,3,0,0,8,10,1,26,10,5,0,0,0,46,22,11,66.7
Crystal Palace,47c64c55,Matchweek 7,Sun,2025-10-05,EPL,Away,L,Everton,1,2,1.5,2.0,49,"51,770",Marc Guéhi,3-4-3,Michael Salisbury,15,6,40.0,0.07,0.17,15.7,0,0,0,1.5,1.5,0.11,-0.5,-0.5,13,6,46.2,0.08,0.17,17.0,0,1,1,2.0,1.2,0.11,0.0,-0.2,23,15,4,0,3,1,0,2,2,0,0,0,0,0,23,17,2,1,2,1,0,3,1,0,0,1,1,0,3,0,0,16,13,1,14,14,15,0,1,0,39,27,24,52.9,2,0,0,13,13,0,19,11,10,1,0,0,43,24,27,47.1
Everton,d3fd31cc,Matchweek 1,Mon,2025-08-18,EPL,Away,L,Leeds United,0,1,0.8,2.0,46,"36,820",James Tarkowski,4-2-3-1,Chris Kavanagh,7,1,14.3,0.00,0.00,14.5,1,0,0,0.8,0.8,0.11,-0.8,-0.8,20,2,10.0,0.00,0.00,18.1,0,1,1,2.0,1.3,0.07,-1.0,-1.3,13,5,2,2,2,2,0,0,0,0,0,0,0,0,32,22,2,0,6,0,2,1,0,0,0,1,0,0,2,0,0,8,6,2,11,2,12,0,1,0,31,19,17,52.8,0,0,0,6,7,1,26,9,7,0,0,0,35,17,19,47.2
Everton,d3fd31cc,Matchweek 2,Sun,2025-08-24,EPL,Home,W,Brighton,2,0,1.6,2.4,42,"51,759",James Tarkowski,4-2-3-1,Stuart Attwell,11,3,27.3,0.18,0.67,16.0,0,0,0,1.6,1.6,0.15,+0.4,+0.4,12,3,25.0,0.00,0.00,19.8,0,0,1,2.4,1.6,0.14,-2.4,-1.6,21,13,3,3,1,1,0,4,4,0,0,0,0,0,22,17,0,2,1,0,2,0,0,0,0,0,0,0,4,0,0,7,15,0,12,8,8,0,1,0,34,31,16,66.0,3,0,0,15,6,6,11,5,8,0,0,0,38,16,31,34.0
Everton,d3fd31cc,Matchweek 3,Sat,2025-08-30,EPL,Away,W,Wolves,3,2,1.9,1.1,42,"30,271",James Tarkowski,4-2-3-1,Michael Oliver,10,4,40.0,0.30,0.75,17.1,0,0,0,1.9,1.9,0.19,+1.1,+1.1,12,4,33.3,0.17,0.50,19.3,0,0,0,1.1,1.1,0.09,+0.9,+0.9,19,16,1,0,0,2,0,6,6,0,0,0,0,0,19,13,3,2,1,0,0,4,4,0,0,0,0,0,1,0,0,10,15,1,13,16,11,0,0,0,44,24,12,66.7,0,0,0,15,9,2,16,10,13,0,0,0,49,12,24,33.3
Everton,d3fd31cc,Matchweek 4,Sat,2025-09-13,EPL,Home,D,Aston Villa,0,0,2.0,0.4,49,"52,114",James Tarkowski,4-2-3-1,Simon Hooper,20,2,10.0,0.00,0.00,15.6,0,0,0,2.0,2.0,0.10,-2.0,-2.0,7,1,14.3,0.00,0.00,22.6,1,0,0,0.4,0.4,0.06,-0.4,-0.4,37,25,5,2,3,1,1,0,0,0,0,0,0,0,11,6,2,0,1,2,0,0,0,0,0,0,0,0,3,0,0,17,15,2,22,5,16,0,0,0,40,20,17,54.1,3,0,0,15,16,2,10,4,11,0,0,0,36,17,20,45.9
Everton,d3fd31cc,Matchweek 5,Sat,2025-09-20,EPL,Away,L,Liverpool,1,2,0.7,0.9,43,"60,342",James Tarkowski,4-2-3-1,Darren England,9,2,22.2,0.11,0.50,17.8,1,0,0,0.7,0.7,0.08,+0.3,+0.3,11,3,27.3,0.18,0.67,17.2,1,0,0,0.9,0.9,0.08,+1.1,+1.1,17,14,2,0,0,1,0,2,2,0,0,0,0,0,16,13,1,0,1,1,0,4,4,0,0,0,0,0,3,0,0,10,11,1,20,10,13,0,0,0,44,15,19,44.1,2,0,0,11,10,1,12,12,7,0,0,0,39,19,15,55.9
Everton,d3fd31cc,Matchweek 6,Mon,2025-09-29,EPL,Home,D,West Ham,1,1,0.7,1.2,51,"51,890",James Tarkowski,4-2-3-1,Samuel Barrott,12,6,50.0,0.08,0.17,16.4,1,0,0,0.7,0.7,0.06,+0.3,+0.3,14,3,21.4,0.07,0.33,15.8,0,0,0,1.2,1.2,0.09,-0.2,-0.2,23,19,0,2,0,2,0,2,2,0,0,0,0,0,22,14,3,2,2,1,0,1,1,0,0,0,0,0,3,0,0,7,16,0,22,5,6,0,0,0,40,21,23,47.7,4,0,0,16,7,2,18,6,7,0,0,0,40,23,21,52.3
Everton,d3fd31cc,Matchweek 7,Sun,2025-10-05,EPL,Home,W,Crystal Palace,2,1,2.0,1.5,51,"51,770",James Tarkowski,4-2-3-1,Michael Salisbury,13,6,46.2,0.08,0.17,17.0,0,1,1,2.0,1.2,0.11,0.0,-0.2,15,6,40.0,0.07,0.17,15.7,0,0,0,1.5,1.5,0.11,-0.5,-0.5,23,17,2,1,2,1,0,3,1,0,0,1,1,0,23,15,4,0,3,1,0,2,2,0,0,0,0,0,2,0,0,13,13,0,19,11,10,1,0,0,43,24,27,47.1,3,0,0,16,13,1,14,14,15,0,1,0,39,27,24,52.9
Fulham,fd962109,Matchweek 1,Sat,2025-08-16,EPL,Away,D,Brighton,1,1,0.7,1.5,51,"31,478",Bernd Leno,4-2-3-1,Samuel Barrott,7,2,28.6,0.14,0.50,12.5,0,0,0,0.7,0.7,0.11,+0.3,+0.3,9,3,33.3,0.00,0.00,19.0,0,1,1,1.5,0.7,0.08,-0.5,-0.7,12,9,1,0,2,0,0,1,0,0,0,1,0,0,17,13,2,0,0,2,0,2,1,0,0,0,1,0,3,0,0,15,16,2,14,2,8,0,1,0,28,8,13,38.1,3,0,0,16,15,3,11,9,9,1,0,0,37,13,8,61.9
Fulham,fd962109,Matchweek 2,Sun,2025-08-24,EPL,Home,D,Manchester Utd,1,1,1.7,1.6,53,"27,512",Bernd Leno,4-2-3-1,Chris Kavanagh,13,3,23.1,0.08,0.33,12.9,0,0,0,1.7,1.7,0.14,-0.7,-0.7,9,3,33.3,0.00,0.00,17.8,0,0,1,1.6,0.8,0.09,-1.6,-0.8,23,15,3,0,3,0,2,2,2,0,0,0,0,0,19,14,3,0,1,1,0,0,0,0,0,0,0,0,1,0,0,12,9,2,33,8,8,0,1,1,31,20,23,46.5,1,0,0,10,11,1,14,5,11,1,0,0,25,23,20,53.5
Fulham,fd962109,Matchweek 3,Sat,2025-08-30,EPL,Away,L,Chelsea,0,2,0.9,2.1,46,"39,745",Bernd Leno,4-2-3-1,Robert Jones,11,1,9.1,0.00,0.00,15.3,1,0,0,0.9,0.9,0.09,-0.9,-0.9,12,5,41.7,0.08,0.20,15.6,0,1,1,2.1,1.4,0.13,-0.1,-0.4,18,13,2,0,2,1,0,0,0,0,0,0,0,0,21,12,3,1,4,0,1,3,1,1,0,1,0,0,2,0,0,17,11,1,15,6,12,0,1,0,36,13,17,43.3,2,0,0,11,16,3,13,18,9,0,0,0,43,17,13,56.7
Fulham,fd962109,Matchweek 4,Sat,2025-09-13,EPL,Home,W,Leeds United,1,0,0.9,0.8,54,"27,327",Joachim Andersen,4-2-3-1,Craig Pawson,5,3,60.0,0.00,0.00,14.9,1,0,0,0.9,0.9,0.18,-0.9,-0.9,10,3,30.0,0.00,0.00,15.8,0,0,0,0.8,0.8,0.08,-0.8,-0.8,10,9,0,0,0,1,0,0,0,0,0,0,0,0,16,11,1,2,1,0,1,0,0,0,0,0,0,0,1,0,0,20,15,1,22,6,16,0,0,0,37,14,18,43.8,2,0,0,15,20,3,13,7,11,0,0,1,38,18,14,56.3
Fulham,fd962109,Matchweek 5,Sat,2025-09-20,EPL,Home,W,Brentford,3,1,1.0,0.6,52,"26,113",Joachim Andersen,4-2-3-1,Michael Oliver,14,3,21.4,0.14,0.67,17.8,0,0,0,1.0,1.0,0.07,+1.0,+1.0,8,3,37.5,0.13,0.33,12.4,0,0,0,0.6,0.6,0.08,+0.4,+0.4,23,17,2,0,3,1,0,3,2,0,0,1,0,0,8,5,3,0,0,0,0,0,0,0,0,0,0,0,4,0,0,11,13,2,13,6,9,0,0,0,37,14,9,60.9,1,0,0,13,10,2,21,5,6,0,0,1,34,9,14,39.1
Fulham,fd962109,Matchweek 6,Sun,2025-09-28,EPL,Away,L,Aston Villa,1,3,1.1,1.1,52,"40,350",Joachim Andersen,4-2-3-1,Andy Madley,11,3,27.3,0.09,0.33,16.4,0,0,0,1.1,1.1,0.10,-0.1,-0.1,9,4,44.4,0.33,0.75,19.8,1,0,0,1.1,1.1,0.12,+1.9,+1.9,21,16,2,3,0,0,0,2,1,1,0,0,0,0,15,11,1,0,0,2,1,5,5,0,0,0,0,0,4,0,0,13,10,4,30,9,7,0,0,0,43,9,12,42.9,1,0,0,10,11,2,10,7,4,0,0,0,38,12,9,57.1
Fulham,fd962109,Matchweek 7,Fri,2025-10-03,EPL,Away,L,Bournemouth,1,3,0.9,1.2,46,"11,165",Joachim Andersen,3-4-3,Simon Hooper,12,4,33.3,0.08,0.25,19.7,0,0,0,0.9,0.9,0.07,+0.1,+0.1,11,6,54.5,0.27,0.50,18.8,0,0,0,1.2,1.2,0.11,+1.8,+1.8,22,19,1,2,0,0,0,2,2,0,0,0,0,0,19,16,0,2,0,0,1,6,5,0,1,0,0,0,1,0,0,10,7,2,17,7,9,0,0,0,50,6,11,35.3,0,0,0,8,9,2,25,8,7,0,0,0,53,11,6,64.7
Leeds United,5bfb9659,Matchweek 1,Mon,2025-08-18,EPL,Home,W,Everton,1,0,2.0,0.8,54,"36,820",Ethan Ampadu,4-3-3,Chris Kavanagh,20,2,10.0,0.00,0.00,18.1,0,1,1,2.0,1.3,0.07,-1.0,-1.3,7,1,14.3,0.00,0.00,14.5,1,0,0,0.8,0.8,0.11,-0.8,-0.8,32,22,2,0,6,0,2,1,0,0,0,1,0,0,13,5,2,2,2,2,0,0,0,0,0,0,0,0,0,0,0,6,7,1,26,9,7,0,0,0,35,17,19,47.2,2,0,0,8,6,2,11,2,12,0,1,0,31,19,17,52.8
Leeds United,5bfb9659,Matchweek 2,Sat,2025-08-23,EPL,Away,L,Arsenal,0,5,0.2,2.7,33,"60,110",Pascal Struijk,4-3-3,Jarred Gillett,3,1,33.3,0.00,0.00,17.0,0,0,0,0.2,0.2,0.06,-0.2,-0.2,17,4,23.5,0.24,1.00,15.2,0,1,1,2.7,1.9,0.12,+2.3,+2.1,6,4,1,0,1,0,0,0,0,0,0,0,0,0,31,18,3,3,4,3,0,9,5,1,1,1,1,0,2,0,0,11,8,0,5,6,12,0,1,0,30,4,12,25.0,0,0,0,8,11,0,19,5,8,1,0,0,36,12,4,75.0
Leeds United,5bfb9659,Matchweek 3,Sat,2025-08-30,EPL,Home,D,Newcastle Utd,0,0,0.7,0.5,43,"36,727",Pascal Struijk,4-3-3,Peter Bankes,10,1,10.0,0.00,0.00,20.8,1,0,0,0.7,0.7,0.07,-0.7,-0.7,8,2,25.0,0.00,0.00,20.4,0,0,0,0.5,0.5,0.06,-0.5,-0.5,19,15,0,1,0,1,2,0,0,0,0,0,0,0,15,12,1,1,0,0,1,0,0,0,0,0,0,0,1,0,0,10,15,1,17,13,14,0,0,0,42,7,12,36.8,1,0,0,15,10,0,21,8,4,0,0,0,44,12,7,63.2
Leeds United,5bfb9659,Matchweek 4,Sat,2025-09-13,EPL,Away,L,Fulham,0,1,0.8,0.9,46,"27,327",Ethan Ampadu,4-3-3,Craig Pawson,10,3,30.0,0.00,0.00,15.8,0,0,0,0.8,0.8,0.08,-0.8,-0.8,5,3,60.0,0.00,0.00,14.9,1,0,0,0.9,0.9,0.18,-0.9,-0.9,16,11,1,2,1,0,1,0,0,0,0,0,0,0,10,9,0,0,0,1,0,0,0,0,0,0,0,0,2,0,0,15,20,3,13,7,11,0,0,1,38,18,14,56.3,1,0,0,20,15,1,22,6,16,0,0,0,37,14,18,43.8
Leeds United,5bfb9659,Matchweek 5,Sat,2025-09-20,EPL,Away,W,Wolves,3,1,0.5,1.8,44,"30,807",Ethan Ampadu,4-3-3,Anthony Taylor,6,4,66.7,0.50,0.75,22.2,1,0,0,0.5,0.5,0.09,+2.5,+2.5,16,6,37.5,0.06,0.17,15.7,0,0,0,1.8,1.8,0.11,-0.8,-0.8,10,8,0,0,0,1,1,6,4,0,0,0,1,1,30,25,3,1,0,1,0,2,2,0,0,0,0,0,1,0,0,9,11,2,7,7,13,0,0,0,48,18,29,38.3,1,0,0,11,9,0,35,3,14,0,0,0,51,29,18,61.7
Leeds United,5bfb9659,Matchweek 6,Sat,2025-09-27,EPL,Home,D,Bournemouth,2,2,1.8,0.7,41,"36,574",Ethan Ampadu,4-3-3,Michael Oliver,19,8,42.1,0.11,0.25,13.9,0,0,0,1.8,1.8,0.10,+0.2,+0.2,12,5,41.7,0.17,0.40,19.4,1,0,0,0.7,0.7,0.06,+1.3,+1.3,23,11,4,0,6,0,2,3,0,1,0,2,0,0,23,17,2,2,0,2,0,4,2,1,0,0,1,0,2,0,0,12,13,0,16,9,16,0,0,0,33,17,18,48.6,2,0,0,13,11,2,21,7,11,0,0,0,44,18,17,51.4
Leeds United,5bfb9659,Matchweek 7,Sat,2025-10-04,EPL,Home,L,Tottenham,1,2,1.7,0.6,56,"36,703",Ethan Ampadu,4-3-3,Thomas Bramall,16,4,25.0,0.06,0.25,15.6,0,0,0,1.7,1.7,0.11,-0.7,-0.7,9,3,33.3,0.22,0.67,20.2,1,0,0,0.6,0.6,0.06,+1.4,+1.4,26,16,5,0,3,2,0,1,0,0,0,1,0,0,15,14,0,0,0,1,0,4,4,0,0,0,0,0,2,0,0,10,12,1,21,6,11,0,0,0,46,14,9,60.9,3,0,0,12,10,2,10,6,10,0,0,0,38,9,14,39.1
Liverpool,822bd0ba,Matchweek 1,Fri,2025-08-15,EPL,Home,W,Bournemouth,4,2,2.2,1.7,61,"60,315",Virgil van Dijk,4-2-3-1,Anthony Taylor,19,10,52.6,0.21,0.40,16.6,0,0,0,2.2,2.2,0.12,+1.8,+1.8,10,3,30.0,0.20,0.67,14.3,1,0,0,1.7,1.7,0.17,+0.3,+0.3,36,32,2,1,1,0,0,7,6,0,1,0,0,0,18,15,1,1,0,1,0,3,3,0,0,0,0,0,1,0,0,7,10,2,17,4,13,0,0,0,46,29,18,61.7,2,0,0,10,6,2,20,11,12,0,0,0,46,18,29,38.3
Liverpool,822bd0ba,Matchweek 2,Mon,2025-08-25,EPL,Away,W,Newcastle Utd,3,2,0.7,1.0,62,"52,230",Virgil van Dijk,4-2-3-1,Simon Hooper,5,4,80.0,0.60,0.75,19.3,0,0,0,0.7,0.7,0.14,+2.3,+2.3,10,3,30.0,0.20,0.67,13.5,1,0,0,1.0,1.0,0.10,+1.0,+1.0,9,8,0,0,1,0,0,6,5,0,0,1,0,0,20,12,2,2,1,3,0,4,1,0,1,0,2,0,3,0,0,15,16,0,9,2,8,0,0,0,31,17,16,51.5,2,1,0,17,15,0,26,8,5,0,0,0,36,16,17,48.5
Liverpool,822bd0ba,Matchweek 3,Sun,2025-08-31,EPL,Home,W,Arsenal,1,0,0.5,0.5,53,"60,455",Virgil van Dijk,4-2-3-1,Chris Kavanagh,9,3,33.3,0.11,0.33,22.4,1,0,0,0.5,0.5,0.06,+0.5,+0.5,11,1,9.1,0.00,0.00,17.5,1,0,0,0.5,0.5,0.04,-0.5,-0.5,16,13,0,1,1,1,0,2,1,0,0,0,1,0,16,9,2,0,4,1,0,0,0,0,0,0,0,0,2,0,0,7,10,1,7,7,9,0,0,0,38,10,8,55.6,2,0,0,10,7,0,17,9,6,0,0,0,34,8,10,44.4
Liverpool,822bd0ba,Matchweek 4,Sun,2025-09-14,EPL,Away,W,Burnley,1,0,2.6,0.1,80,"21,678",Virgil van Dijk,4-2-3-1,Michael Oliver,26,3,11.5,0.00,0.00,18.5,1,1,1,2.6,1.9,0.07,-1.6,-1.9,3,0,0.0,0.00,,20.1,0,0,0,0.1,0.1,0.05,-0.1,-0.1,49,39,2,4,3,1,0,1,1,0,0,0,0,0,5,1,1,1,0,2,0,0,0,0,0,0,0,0,2,0,0,9,8,1,44,7,7,0,0,0,28,27,16,62.8,2,1,1,9,7,3,3,17,11,0,1,0,20,16,27,37.2
Liverpool,822bd0ba,Matchweek 5,Sat,2025-09-20,EPL,Home,W,Everton,2,1,0.9,0.7,57,"60,342",Virgil van Dijk,4-2-3-1,Darren England,11,3,27.3,0.18,0.67,17.2,1,0,0,0.9,0.9,0.08,+1.1,+1.1,9,2,22.2,0.11,0.50,17.8,1,0,0,0.7,0.7,0.08,+0.3,+0.3,16,13,1,0,1,1,0,4,4,0,0,0,0,0,17,14,2,0,0,1,0,2,2,0,0,0,0,0,2,0,0,11,10,1,12,12,7,0,0,0,39,19,15,55.9,3,0,0,10,11,1,20,10,13,0,0,0,44,15,19,44.1
Liverpool,822bd0ba,Matchweek 6,Sat,2025-09-27,EPL,Away,L,Crystal Palace,1,2,2.1,2.9,71,"25,118",Virgil van Dijk,4-2-3-1,Chris Kavanagh,20,4,20.0,0.05,0.25,15.5,1,0,0,2.1,2.1,0.11,-1.1,-1.1,16,7,43.8,0.13,0.29,14.9,0,0,0,2.9,2.9,0.18,-0.9,-0.9,35,25,2,1,5,1,1,2,2,0,0,0,0,0,27,17,1,3,4,1,1,4,3,0,0,0,0,1,3,0,0,8,10,1,26,10,5,0,0,0,46,22,11,66.7,1,0,0,10,7,2,8,9,16,0,0,0,32,11,22,33.3
Liverpool,822bd0ba,Matchweek 7,Sat,2025-10-04,EPL,Away,L,Chelsea,1,2,1.9,1.0,47,"39,538",Virgil van Dijk,4-2-3-1,Anthony Taylor,12,2,16.7,0.08,0.50,16.5,0,0,0,1.9,1.9,0.16,-0.9,-0.9,12,6,50.0,0.17,0.33,19.1,0,0,0,1.0,1.0,0.08,+1.0,+1.0,21,19,0,1,1,0,0,2,2,0,0,0,0,0,21,19,0,0,1,1,0,4,4,0,0,0,0,0,2,0,0,8,8,2,11,9,12,0,0,0,40,6,6,50.0,0,0,0,9,8,2,20,13,12,0,0,0,44,6,6,50.0
Manchester City,b8fd03ef,Matchweek 1,Sat,2025-08-16,EPL,Away,W,Wolves,4,0,2.4,0.6,58,"31,456",Bernardo Silva,4-3-3,Jarred Gillett,15,4,26.7,0.27,1.00,17.2,1,0,0,2.4,2.4,0.16,+1.6,+1.6,9,3,33.3,0.00,0.00,17.7,0,0,0,0.6,0.6,0.06,-0.6,-0.6,25,19,2,1,2,1,0,8,7,0,1,0,0,0,18,14,1,0,0,1,2,0,0,0,0,0,0,0,2,0,0,7,13,0,20,7,11,0,0,0,31,10,5,66.7,1,0,0,13,7,4,20,6,17,0,0,0,35,5,10,33.3
Manchester City,b8fd03ef,Matchweek 2,Sat,2025-08-23,EPL,Home,L,Tottenham,0,2,1.6,1.1,61,"51,785",Rúben Dias,4-1-4-1,Peter Bankes,10,4,40.0,0.00,0.00,16.3,0,0,0,1.6,1.6,0.16,-1.6,-1.6,12,5,41.7,0.17,0.40,14.5,1,0,0,1.1,1.1,0.09,+0.9,+0.9,18,14,1,2,0,1,0,0,0,0,0,0,0,0,19,10,1,2,2,2,2,3,2,0,0,0,0,1,1,0,0,7,12,0,19,6,10,0,0,0,39,12,8,60.0,4,0,0,12,7,1,11,7,16,0,0,0,46,8,12,40.0
Manchester City,b8fd03ef,Matchweek 3,Sun,2025-08-31,EPL,Away,L,Brighton,1,2,1.8,2.2,63,"31,485",Bernardo Silva,4-3-3,Darren England,12,3,25.0,0.08,0.33,15.1,0,0,0,1.8,1.8,0.15,-0.8,-0.8,11,6,54.5,0.09,0.17,16.9,0,1,1,2.2,1.5,0.14,-0.2,-0.5,21,17,1,2,1,0,0,2,1,0,1,0,0,0,19,11,2,3,2,1,0,3,1,0,1,1,0,0,2,0,0,14,15,0,5,9,7,0,1,0,41,14,9,60.9,2,0,0,16,13,1,8,8,13,0,0,0,43,9,14,39.1
Manchester City,b8fd03ef,Matchweek 4,Sun,2025-09-14,EPL,Home,W,Manchester Utd,3,0,2.7,1.2,46,"52,534",Bernardo Silva,4-1-4-1,Anthony Taylor,13,6,46.2,0.23,0.50,11.8,0,0,0,2.7,2.7,0.21,+0.3,+0.3,12,2,16.7,0.00,0.00,16.5,0,0,0,1.2,1.2,0.13,-1.2,-1.2,23,18,0,3,2,0,0,5,4,0,1,0,0,0,22,18,0,1,3,0,0,0,0,0,0,0,0,0,0,0,0,8,7,2,2,10,7,0,0,0,44,18,11,62.1,0,0,0,8,8,3,23,13,15,0,0,0,44,11,18,37.9
Manchester City,b8fd03ef,Matchweek 5,Sun,2025-09-21,EPL,Away,D,Arsenal,1,1,0.9,0.9,34,"60,161",Bernardo Silva,4-1-4-1,Stuart Attwell,5,3,60.0,0.20,0.33,15.6,0,0,0,0.9,0.9,0.18,+0.1,+0.1,12,3,25.0,0.08,0.33,14.1,0,0,0,0.9,0.9,0.07,+0.1,+0.1,10,8,0,2,0,0,0,2,2,0,0,0,0,0,22,20,1,1,0,0,0,2,2,0,0,0,0,0,2,0,0,10,11,2,4,5,9,0,0,0,44,17,15,53.1,1,0,0,11,10,4,32,5,13,0,0,0,47,15,17,46.9
Manchester City,b8fd03ef,Matchweek 6,Sat,2025-09-27,EPL,Home,W,Burnley,5,1,2.0,0.4,68,"52,427",Rúben Dias,4-1-4-1,Robert Jones,21,8,38.1,0.14,0.38,16.8,0,0,0,2.0,2.0,0.10,+1.0,+1.0,9,2,22.2,0.11,0.50,17.9,0,0,0,0.4,0.4,0.05,+0.6,+0.6,32,22,3,4,3,0,0,4,4,0,0,0,0,0,16,13,1,0,2,0,0,2,2,0,0,0,0,0,1,0,0,5,7,1,23,4,6,0,0,0,33,10,14,41.7,3,0,0,7,5,1,7,10,9,0,0,2,30,14,10,58.3
Manchester City,b8fd03ef,Matchweek 7,Sun,2025-10-05,EPL,Away,W,Brentford,1,0,0.8,0.7,69,"17,028",Rúben Dias,4-1-4-1,Darren England,10,4,40.0,0.10,0.25,17.9,0,0,0,0.8,0.8,0.08,+0.2,+0.2,6,1,16.7,0.00,0.00,20.2,0,0,0,0.7,0.7,0.12,-0.7,-0.7,20,16,1,2,1,0,0,2,2,0,0,0,0,0,8,7,0,0,1,0,0,0,0,0,0,0,0,0,2,0,0,6,10,1,9,6,10,0,0,0,41,17,8,68.0,3,0,0,10,5,1,14,11,10,0,0,0,33,8,17,32.0
Manchester Utd,19538871,Matchweek 1,Sun,2025-08-17,EPL,Home,L,Arsenal,0,1,1.5,1.3,61,"73,475",Bruno Fernandes,3-4-3,Simon Hooper,22,7,31.8,0.00,0.00,17.4,1,0,0,1.5,1.5,0.07,-1.5,-1.5,9,3,33.3,0.11,0.33,18.6,1,0,0,1.3,1.3,0.15,-0.3,-0.3,42,31,1,5,1,3,1,0,0,0,0,0,0,0,14,8,0,3,1,1,1,2,0,0,1,0,0,1,1,0,0,10,19,1,15,4,11,0,0,0,39,20,16,55.6,4,0,0,19,10,2,11,4,10,0,0,0,39,16,20,44.4
Manchester Utd,19538871,Matchweek 2,Sun,2025-08-24,EPL,Away,D,Fulham,1,1,1.6,1.7,47,"27,512",Bruno Fernandes,3-4-3,Chris Kavanagh,9,3,33.3,0.00,0.00,17.8,0,0,1,1.6,0.8,0.09,-1.6,-0.8,13,3,23.1,0.08,0.33,12.9,0,0,0,1.7,1.7,0.14,-0.7,-0.7,19,14,3,0,1,1,0,0,0,0,0,0,0,0,23,15,3,0,3,0,2,2,2,0,0,0,0,0,1,0,0,10,11,1,14,5,11,1,0,0,25,23,20,53.5,1,0,0,12,9,2,33,8,8,0,1,1,31,20,23,46.5
Manchester Utd,19538871,Matchweek 3,Sat,2025-08-30,EPL,Home,W,Burnley,3,2,3.6,1.2,62,"74,257",Bruno Fernandes,3-4-3,Samuel Barrott,25,5,20.0,0.04,0.20,14.7,0,1,1,3.6,2.8,0.11,-1.6,-1.8,6,3,50.0,0.33,0.67,13.7,1,0,0,1.2,1.2,0.21,+0.8,+0.8,45,30,5,1,5,3,1,4,2,0,1,0,1,0,8,4,2,0,1,1,0,3,2,0,0,1,0,0,1,0,0,9,8,1,26,3,9,1,0,0,48,21,21,50.0,5,0,0,9,9,1,9,9,14,0,1,1,34,21,21,50.0
Manchester Utd,19538871,Matchweek 4,Sun,2025-09-14,EPL,Away,L,Manchester City,0,3,1.2,2.7,54,"52,534",Bruno Fernandes,3-4-3,Anthony Taylor,12,2,16.7,0.00,0.00,16.5,0,0,0,1.2,1.2,0.13,-1.2,-1.2,13,6,46.2,0.23,0.50,11.8,0,0,0,2.7,2.7,0.21,+0.3,+0.3,22,18,0,1,3,0,0,0,0,0,0,0,0,0,23,18,0,3,2,0,0,5,4,0,1,0,0,0,0,0,0,8,8,3,23,13,15,0,0,0,44,11,18,37.9,0,0,0,8,7,2,2,10,7,0,0,0,44,18,11,62.1
Manchester Utd,19538871,Matchweek 5,Sat,2025-09-20,EPL,Home,W,Chelsea,2,1,1.8,0.4,42,"74,124",Bruno Fernandes,3-4-3,Peter Bankes,11,4,36.4,0.18,0.50,14.9,1,0,0,1.8,1.8,0.17,+0.2,+0.2,5,1,20.0,0.20,1.00,12.8,0,0,0,0.4,0.4,0.08,+0.6,+0.6,17,11,1,0,4,1,0,3,2,0,0,1,0,0,10,8,2,0,0,0,0,2,1,1,0,0,0,0,2,1,1,13,14,3,26,10,16,0,0,0,45,11,16,40.7,5,1,0,14,13,2,15,8,13,0,0,0,40,16,11,59.3
Manchester Utd,19538871,Matchweek 6,Sat,2025-09-27,EPL,Away,L,Brentford,1,3,2.1,1.9,55,"17,193",Bruno Fernandes,3-4-3,Craig Pawson,13,5,38.5,0.08,0.20,15.6,0,0,1,2.1,1.3,0.12,-1.1,-0.3,10,8,80.0,0.30,0.38,14.4,0,0,0,1.9,1.9,0.20,+1.1,+1.1,24,16,2,0,4,1,1,1,0,0,0,1,0,0,18,11,4,1,0,1,1,5,4,0,1,0,0,0,2,0,0,10,14,1,14,4,9,1,0,0,38,19,22,46.3,2,0,0,14,10,2,14,7,8,0,1,0,36,22,19,53.7
Manchester Utd,19538871,Matchweek 7,Sat,2025-10-04,EPL,Home,W,Sunderland,2,0,1.8,0.7,50,"74,004",Bruno Fernandes,3-4-3,Stuart Attwell,15,6,40.0,0.13,0.33,15.7,0,0,0,1.8,1.8,0.13,+0.2,+0.2,8,3,37.5,0.00,0.00,16.8,0,0,0,0.7,0.7,0.08,-0.7,-0.7,26,18,2,2,2,1,1,4,4,0,0,0,0,0,13,10,2,1,0,0,0,0,0,0,0,0,0,0,1,0,0,10,10,1,7,10,10,0,0,0,43,14,20,41.2,4,0,0,12,9,2,20,10,9,0,0,0,37,20,14,58.8
Newcastle Utd,b2b47a98,Matchweek 1,Sat,2025-08-16,EPL,Away,D,Aston Villa,0,0,1.4,0.2,59,"42,526",Bruno Guimarães,4-3-3,Craig Pawson,16,3,18.8,0.00,0.00,23.8,0,0,0,1.4,1.4,0.09,-1.4,-1.4,3,3,100.0,0.00,0.00,14.6,0,0,0,0.2,0.2,0.07,-0.2,-0.2,29,24,1,1,0,1,2,0,0,0,0,0,0,0,6,5,0,1,0,0,0,0,0,0,0,0,0,0,1,0,0,11,13,1,26,12,8,0,0,0,50,18,9,66.7,1,1,0,13,11,2,11,10,5,0,0,0,40,9,18,33.3
Newcastle Utd,b2b47a98,Matchweek 2,Mon,2025-08-25,EPL,Home,L,Liverpool,2,3,1.0,0.7,38,"52,230",Bruno Guimarães,4-3-3,Simon Hooper,10,3,30.0,0.20,0.67,13.5,1,0,0,1.0,1.0,0.10,+1.0,+1.0,5,4,80.0,0.60,0.75,19.3,0,0,0,0.7,0.7,0.14,+2.3,+2.3,20,12,2,2,1,3,0,4,1,0,1,0,2,0,9,8,0,0,1,0,0,6,5,0,0,1,0,0,2,1,0,17,15,0,26,8,5,0,0,0,36,16,17,48.5,3,0,0,15,16,0,9,2,8,0,0,0,31,17,16,51.5
Newcastle Utd,b2b47a98,Matchweek 3,Sat,2025-08-30,EPL,Away,D,Leeds United,0,0,0.5,0.7,57,"36,727",Bruno Guimarães,5-3-2,Peter Bankes,8,2,25.0,0.00,0.00,20.4,0,0,0,0.5,0.5,0.06,-0.5,-0.5,10,1,10.0,0.00,0.00,20.8,1,0,0,0.7,0.7,0.07,-0.7,-0.7,15,12,1,1,0,0,1,0,0,0,0,0,0,0,19,15,0,1,0,1,2,0,0,0,0,0,0,0,1,0,0,15,10,0,21,8,4,0,0,0,44,12,7,63.2,1,0,0,10,15,1,17,13,14,0,0,0,42,7,12,36.8
Newcastle Utd,b2b47a98,Matchweek 4,Sat,2025-09-13,EPL,Home,W,Wolves,1,0,1.5,0.5,57,"52,145",Bruno Guimarães,4-3-3,Chris Kavanagh,16,4,25.0,0.06,0.25,18.5,0,0,0,1.5,1.5,0.10,-0.5,-0.5,8,3,37.5,0.00,0.00,14.0,1,0,0,0.5,0.5,0.06,-0.5,-0.5,28,22,5,0,1,0,0,2,2,0,0,0,0,0,14,9,1,2,1,1,0,0,0,0,0,0,0,0,1,0,0,10,17,1,25,6,5,0,0,0,37,21,13,61.8,4,0,0,17,9,0,15,14,8,0,0,0,43,13,21,38.2
Newcastle Utd,b2b47a98,Matchweek 5,Sun,2025-09-21,EPL,Away,D,Bournemouth,0,0,0.2,0.5,45,"11,212",Dan Burn,3-4-3,Robert Jones,4,1,25.0,0.00,0.00,23.3,0,0,0,0.2,0.2,0.06,-0.2,-0.2,11,2,18.2,0.00,0.00,22.7,1,0,0,0.5,0.5,0.04,-0.5,-0.5,8,7,0,1,0,0,0,0,0,0,0,0,0,0,17,11,2,2,1,1,0,0,0,0,0,0,0,0,1,0,0,10,7,2,16,8,11,0,0,0,46,16,18,47.1,2,0,0,7,8,3,21,16,8,0,0,0,55,18,16,52.9
Newcastle Utd,b2b47a98,Matchweek 6,Sun,2025-09-28,EPL,Home,L,Arsenal,1,2,0.6,2.0,37,"52,199",Bruno Guimarães,4-3-3,Jarred Gillett,8,3,37.5,0.13,0.33,13.7,0,0,0,0.6,0.6,0.08,+0.4,+0.4,20,7,35.0,0.10,0.29,14.2,0,0,0,2.0,2.0,0.10,0.0,0.0,14,10,3,0,0,1,0,2,2,0,0,0,0,0,37,28,4,1,3,1,0,4,3,1,0,0,0,0,2,0,0,8,8,1,15,8,8,0,0,0,30,26,22,54.2,1,0,0,9,8,0,23,10,6,0,0,0,40,22,26,45.8
Newcastle Utd,b2b47a98,Matchweek 7,Sun,2025-10-05,EPL,Home,W,Nott'ham Forest,2,0,3.2,0.2,52,"52,189",Bruno Guimarães,4-3-3,Peter Bankes,17,8,47.1,0.06,0.13,18.0,0,1,1,3.2,2.4,0.16,-1.2,-1.4,5,4,80.0,0.00,0.00,17.9,1,0,0,0.2,0.2,0.05,-0.2,-0.2,31,20,3,1,4,1,2,3,1,0,0,0,1,1,10,6,0,2,0,1,1,0,0,0,0,0,0,0,0,0,0,16,14,0,26,9,11,1,0,0,45,12,12,50.0,4,0,0,15,16,2,14,9,8,0,1,0,48,12,12,50.0
Nott'ham Forest,e4a775cb,Matchweek 1,Sun,2025-08-17,EPL,Home,W,Brentford,3,1,1.8,1.4,54,"29,949",Morgan Gibbs-White,4-2-3-1,Peter Bankes,11,5,45.5,0.27,0.60,18.6,0,0,0,1.8,1.8,0.17,+1.2,+1.2,9,2,22.2,0.00,0.00,16.2,0,1,1,1.4,0.7,0.08,-0.4,-0.7,21,19,0,1,1,0,0,6,5,0,1,0,0,0,15,7,4,2,1,1,0,1,0,1,0,0,0,0,1,0,0,7,15,2,24,9,7,0,1,0,43,17,16,51.5,2,0,0,15,5,0,16,5,6,0,0,0,41,16,17,48.5
Nott'ham Forest,e4a775cb,Matchweek 2,Sun,2025-08-24,EPL,Away,D,Crystal Palace,1,1,0.9,1.1,58,"24,876",Morgan Gibbs-White,4-2-3-1,Anthony Taylor,9,1,11.1,0.11,1.00,13.2,0,0,0,0.9,0.9,0.10,+0.1,+0.1,8,4,50.0,0.13,0.25,13.4,0,0,0,1.1,1.1,0.14,-0.1,-0.1,16,12,0,2,1,0,1,2,1,0,1,0,0,0,15,10,3,1,0,1,0,2,2,0,0,0,0,0,3,0,0,11,10,2,26,10,7,0,0,0,43,17,15,53.1,3,0,0,11,11,2,18,7,11,0,0,0,39,15,17,46.9
Nott'ham Forest,e4a775cb,Matchweek 3,Sun,2025-08-31,EPL,Home,L,West Ham,0,3,0.7,2.4,58,"30,215",Morgan Gibbs-White,4-2-3-1,Craig Pawson,11,3,27.3,0.00,0.00,15.9,0,0,0,0.7,0.7,0.07,-0.7,-0.7,11,7,63.6,0.18,0.29,13.3,0,1,1,2.4,1.6,0.15,+0.6,+0.4,21,19,2,0,0,0,0,0,0,0,0,0,0,0,21,12,3,4,1,1,0,5,4,0,0,0,1,0,0,0,0,14,6,0,35,6,14,0,1,0,45,12,10,54.5,0,0,0,6,13,0,18,6,9,1,0,0,39,10,12,45.5
Nott'ham Forest,e4a775cb,Matchweek 4,Sat,2025-09-13,EPL,Away,L,Arsenal,0,3,0.2,1.8,46,"60,167",Morgan Gibbs-White,4-2-3-1,Darren England,5,1,20.0,0.00,0.00,19.0,0,0,0,0.2,0.2,0.04,-0.2,-0.2,16,5,31.3,0.19,0.60,13.5,0,0,0,1.8,1.8,0.11,+1.2,+1.2,9,8,1,0,0,0,0,0,0,0,0,0,0,0,28,20,3,2,2,1,0,6,4,0,1,1,0,0,1,0,0,11,7,0,13,11,8,0,0,0,32,8,9,47.1,1,0,0,8,11,2,20,7,11,0,0,0,39,9,8,52.9
Nott'ham Forest,e4a775cb,Matchweek 5,Sat,2025-09-20,EPL,Away,D,Burnley,1,1,1.1,0.9,63,"21,475",Morgan Gibbs-White,4-2-3-1,Thomas Bramall,17,8,47.1,0.06,0.13,19.6,0,0,0,1.1,1.1,0.06,-0.1,-0.1,12,5,41.7,0.08,0.20,14.4,1,0,0,0.9,0.9,0.08,+0.1,+0.1,31,26,1,1,2,0,1,2,2,0,0,0,0,0,21,14,1,1,3,2,0,1,0,0,0,1,0,0,1,0,0,11,12,2,30,7,6,0,0,0,42,9,13,40.9,1,0,0,12,10,1,26,10,9,0,0,0,39,13,9,59.1
Nott'ham Forest,e4a775cb,Matchweek 6,Sat,2025-09-27,EPL,Home,L,Sunderland,0,1,1.6,1.6,65,"30,226",Chris Wood,4-2-3-1,Tony Harrington,22,6,27.3,0.00,0.00,16.4,0,0,0,1.6,1.6,0.08,-1.6,-1.6,11,3,27.3,0.09,0.33,15.1,0,0,0,1.6,1.6,0.15,-0.6,-0.6,39,29,3,1,5,0,1,0,0,0,0,0,0,0,16,8,2,2,3,1,0,1,0,1,0,0,0,0,4,0,0,11,6,0,42,1,9,0,0,0,43,15,13,53.6,2,0,0,6,10,1,19,6,7,0,0,0,39,13,15,46.4
Nott'ham Forest,e4a775cb,Matchweek 7,Sun,2025-10-05,EPL,Away,L,Newcastle Utd,0,2,0.2,3.2,48,"52,189",Ryan Yates,3-4-3,Peter Bankes,5,4,80.0,0.00,0.00,17.9,1,0,0,0.2,0.2,0.05,-0.2,-0.2,17,8,47.1,0.06,0.13,18.0,0,1,1,3.2,2.4,0.16,-1.2,-1.4,10,6,0,2,0,1,1,0,0,0,0,0,0,0,31,20,3,1,4,1,2,3,1,0,0,0,1,1,4,0,0,15,16,2,14,9,8,0,1,0,48,12,12,50.0,0,0,0,16,14,0,26,9,11,1,0,0,45,12,12,50.0
Sunderland,8ef52968,Matchweek 1,Sat,2025-08-16,EPL,Home,W,West Ham,3,0,0.7,0.6,38,"46,233",Granit Xhaka,4-3-3,Robert Jones,10,5,50.0,0.30,0.60,12.0,0,0,0,0.7,0.7,0.08,+2.3,+2.3,12,3,25.0,0.00,0.00,18.4,0,0,0,0.6,0.6,0.05,-0.6,-0.6,19,14,3,0,2,0,0,5,5,0,0,0,0,0,23,19,1,1,1,1,0,0,0,0,0,0,0,0,0,0,0,8,10,0,17,9,5,0,0,0,31,17,19,47.2,1,0,0,10,8,0,26,4,7,0,0,0,38,19,17,52.8
Sunderland,8ef52968,Matchweek 2,Sat,2025-08-23,EPL,Away,L,Burnley,0,2,0.8,1.0,58,"21,285",Granit Xhaka,4-3-3,Michael Salisbury,9,1,11.1,0.00,0.00,16.7,0,0,0,0.8,0.8,0.09,-0.8,-0.8,7,2,28.6,0.29,1.00,17.3,0,0,0,1.0,1.0,0.14,+1.0,+1.0,18,15,2,0,1,0,0,0,0,0,0,0,0,0,12,10,1,1,0,0,0,4,3,0,1,0,0,0,1,0,0,5,9,2,24,7,8,0,0,0,38,19,15,55.9,0,0,0,9,5,0,15,7,11,0,0,0,44,15,19,44.1
Sunderland,8ef52968,Matchweek 3,Sat,2025-08-30,EPL,Home,W,Brentford,2,1,1.5,1.2,54,"46,267",Granit Xhaka,4-3-3,Anthony Taylor,11,2,18.2,0.09,0.50,18.4,0,1,1,1.5,0.7,0.07,+0.5,+0.3,6,3,50.0,0.17,0.33,16.0,0,0,1,1.2,0.4,0.07,-0.2,+0.6,19,11,2,1,2,2,1,4,2,0,0,0,2,0,10,8,1,0,0,1,0,2,2,0,0,0,0,0,3,0,0,11,10,0,18,7,14,1,1,0,28,23,22,51.1,2,0,0,12,10,3,16,4,7,1,1,0,31,22,23,48.9
Sunderland,8ef52968,Matchweek 4,Sat,2025-09-13,EPL,Away,D,Crystal Palace,0,0,0.4,1.8,44,"25,154",Granit Xhaka,4-3-3,Thomas Bramall,6,0,0.0,0.00,,15.3,0,0,0,0.4,0.4,0.07,-0.4,-0.4,14,6,42.9,0.00,0.00,16.2,0,0,0,1.8,1.8,0.13,-1.8,-1.8,11,6,2,1,0,1,1,0,0,0,0,0,0,0,23,18,2,0,3,0,0,0,0,0,0,0,0,0,1,0,0,8,9,2,17,10,9,0,0,0,37,20,14,58.8,1,0,0,10,7,0,20,6,6,0,0,0,34,14,20,41.2
Sunderland,8ef52968,Matchweek 5,Sun,2025-09-21,EPL,Home,D,Aston Villa,1,1,1.0,0.8,29,"46,261",Granit Xhaka,4-3-3,Samuel Barrott,14,4,28.6,0.07,0.25,14.9,0,0,0,1.0,1.0,0.07,0.0,0.0,12,2,16.7,0.08,0.50,20.9,0,0,0,0.8,0.8,0.07,+0.2,+0.2,22,11,4,2,3,1,1,2,1,0,0,1,0,0,24,22,0,0,0,1,1,2,2,0,0,0,0,0,2,1,0,14,8,0,12,8,13,0,0,0,25,14,16,46.7,1,0,0,8,13,3,26,3,7,0,0,0,31,16,14,53.3
Sunderland,8ef52968,Matchweek 6,Sat,2025-09-27,EPL,Away,W,Nott'ham Forest,1,0,1.6,1.6,35,"30,226",Granit Xhaka,4-2-3-1,Tony Harrington,11,3,27.3,0.09,0.33,15.1,0,0,0,1.6,1.6,0.15,-0.6,-0.6,22,6,27.3,0.00,0.00,16.4,0,0,0,1.6,1.6,0.08,-1.6,-1.6,16,8,2,2,3,1,0,1,0,1,0,0,0,0,39,29,3,1,5,0,1,0,0,0,0,0,0,0,2,0,0,6,10,1,19,6,7,0,0,0,39,13,15,46.4,4,0,0,11,6,0,42,1,9,0,0,0,43,15,13,53.6
Sunderland,8ef52968,Matchweek 7,Sat,2025-10-04,EPL,Away,L,Manchester Utd,0,2,0.7,1.8,50,"74,004",Granit Xhaka,4-2-3-1,Stuart Attwell,8,3,37.5,0.00,0.00,16.8,0,0,0,0.7,0.7,0.08,-0.7,-0.7,15,6,40.0,0.13,0.33,15.7,0,0,0,1.8,1.8,0.13,+0.2,+0.2,13,10,2,1,0,0,0,0,0,0,0,0,0,0,26,18,2,2,2,1,1,4,4,0,0,0,0,0,4,0,0,12,9,2,20,10,9,0,0,0,37,20,14,58.8,1,0,0,10,10,1,7,10,10,0,0,0,43,14,20,41.2
Tottenham,361ca564,Matchweek 1,Sat,2025-08-16,EPL,Home,W,Burnley,3,0,2.3,0.9,66,"61,077",Cristian Romero,4-3-3,Michael Oliver,16,6,37.5,0.19,0.50,13.7,0,0,0,2.3,2.3,0.15,+0.7,+0.7,14,4,28.6,0.00,0.00,20.1,1,0,0,0.9,0.9,0.07,-0.9,-0.9,29,19,3,4,3,0,0,6,4,0,2,0,0,0,24,17,4,0,1,2,0,0,0,0,0,0,0,0,0,0,0,14,7,0,27,1,9,0,0,0,31,17,18,48.6,0,0,0,8,14,4,14,7,2,0,0,0,26,18,17,51.4
Tottenham,361ca564,Matchweek 2,Sat,2025-08-23,EPL,Away,W,Manchester City,2,0,1.1,1.6,39,"51,785",Cristian Romero,4-3-3,Peter Bankes,12,5,41.7,0.17,0.40,14.5,1,0,0,1.1,1.1,0.09,+0.9,+0.9,10,4,40.0,0.00,0.00,16.3,0,0,0,1.6,1.6,0.16,-1.6,-1.6,19,10,1,2,2,2,2,3,2,0,0,0,0,1,18,14,1,2,0,1,0,0,0,0,0,0,0,0,4,0,0,12,7,1,11,7,16,0,0,0,46,8,12,40.0,1,0,0,7,12,0,19,6,10,0,0,0,39,12,8,60.0
Tottenham,361ca564,Matchweek 3,Sat,2025-08-30,EPL,Home,L,Bournemouth,0,1,0.2,1.5,61,"61,250",Cristian Romero,4-3-3,Simon Hooper,5,1,20.0,0.00,0.00,19.0,0,0,0,0.2,0.2,0.04,-0.2,-0.2,20,6,30.0,0.05,0.17,16.1,1,0,0,1.5,1.5,0.08,-0.5,-0.5,10,8,1,0,0,1,0,0,0,0,0,0,0,0,36,28,1,1,4,1,1,2,2,0,0,0,0,0,2,0,0,17,13,2,20,4,8,0,0,0,45,17,16,51.5,4,0,0,13,17,3,18,9,13,0,0,0,50,16,17,48.5
Tottenham,361ca564,Matchweek 4,Sat,2025-09-13,EPL,Away,W,West Ham,3,0,1.3,0.6,64,"62,459",Cristian Romero,4-3-3,Jarred Gillett,14,5,35.7,0.21,0.60,12.9,0,0,0,1.3,1.3,0.09,+1.7,+1.7,7,4,57.1,0.00,0.00,15.4,0,0,0,0.6,0.6,0.09,-0.6,-0.6,23,16,6,0,1,0,0,6,5,1,0,0,0,0,13,9,1,1,1,1,0,0,0,0,0,0,0,0,1,0,0,7,8,4,31,3,11,0,0,0,34,13,22,37.1,0,1,0,8,6,0,9,5,9,0,0,0,31,22,13,62.9
Tottenham,361ca564,Matchweek 5,Sat,2025-09-20,EPL,Away,D,Brighton,2,2,1.2,1.3,64,"31,488",Cristian Romero,4-3-3,Chris Kavanagh,11,3,27.3,0.09,0.33,14.1,0,0,0,1.2,1.2,0.11,-0.2,-0.2,12,4,33.3,0.17,0.50,24.1,1,0,0,1.3,1.3,0.11,+0.7,+0.7,21,17,1,1,2,0,0,1,0,0,0,1,0,0,21,14,1,3,1,1,1,2,1,0,1,0,0,0,2,0,0,13,10,1,32,9,10,0,0,0,53,12,13,48.0,1,0,0,10,13,0,8,5,17,0,0,1,45,13,12,52.0
Tottenham,361ca564,Matchweek 6,Sat,2025-09-27,EPL,Home,D,Wolves,1,1,0.8,1.1,51,"60,537",Cristian Romero,4-2-3-1,Michael Salisbury,10,3,30.0,0.10,0.33,17.2,0,0,0,0.8,0.8,0.08,+0.2,+0.2,9,3,33.3,0.11,0.33,15.1,0,0,0,1.1,1.1,0.13,-0.1,-0.1,16,15,0,1,0,0,0,2,2,0,0,0,0,0,17,12,2,2,1,0,0,1,0,0,0,1,0,0,3,0,0,9,10,2,32,10,12,0,0,0,41,18,16,52.9,2,0,0,11,9,0,15,10,14,0,0,0,34,16,18,47.1
Tottenham,361ca564,Matchweek 7,Sat,2025-10-04,EPL,Away,W,Leeds United,2,1,0.6,1.7,44,"36,703",Cristian Romero,4-2-3-1,Thomas Bramall,9,3,33.3,0.22,0.67,20.2,1,0,0,0.6,0.6,0.06,+1.4,+1.4,16,4,25.0,0.06,0.25,15.6,0,0,0,1.7,1.7,0.11,-0.7,-0.7,15,14,0,0,0,1,0,4,4,0,0,0,0,0,26,16,5,0,3,2,0,1,0,0,0,1,0,0,3,0,0,12,10,2,10,6,10,0,0,0,38,9,14,39.1,2,0,0,10,12,1,21,6,11,0,0,0,46,14,9,60.9
West Ham,7c21e445,Matchweek 1,Sat,2025-08-16,EPL,Away,L,Sunderland,0,3,0.6,0.7,63,"46,233",Jarrod Bowen,3-4-1-2,Robert Jones,12,3,25.0,0.00,0.00,18.4,0,0,0,0.6,0.6,0.05,-0.6,-0.6,10,5,50.0,0.30,0.60,12.0,0,0,0,0.7,0.7,0.08,+2.3,+2.3,23,19,1,1,1,1,0,0,0,0,0,0,0,0,19,14,3,0,2,0,0,5,5,0,0,0,0,0,1,0,0,10,8,0,26,4,7,0,0,0,38,19,17,52.8,0,0,0,8,10,0,17,9,5,0,0,0,31,17,19,47.2
West Ham,7c21e445,Matchweek 2,Fri,2025-08-22,EPL,Home,L,Chelsea,1,5,0.7,2.7,42,"62,462",Jarrod Bowen,3-4-1-2,Michael Oliver,12,4,33.3,0.08,0.25,13.6,1,0,0,0.7,0.7,0.06,+0.3,+0.3,12,7,58.3,0.42,0.71,12.3,0,0,0,2.7,2.7,0.23,+2.3,+2.3,20,13,4,1,1,1,0,1,1,0,0,0,0,0,20,16,1,2,1,0,0,9,6,1,1,1,0,0,0,0,0,7,9,4,16,7,6,0,0,0,30,14,15,48.3,1,0,0,10,7,2,15,4,13,0,0,0,31,15,14,51.7
West Ham,7c21e445,Matchweek 3,Sun,2025-08-31,EPL,Away,W,Nott'ham Forest,3,0,2.4,0.7,42,"30,215",Jarrod Bowen,4-2-3-1,Craig Pawson,11,7,63.6,0.18,0.29,13.3,0,1,1,2.4,1.6,0.15,+0.6,+0.4,11,3,27.3,0.00,0.00,15.9,0,0,0,0.7,0.7,0.07,-0.7,-0.7,21,12,3,4,1,1,0,5,4,0,0,0,1,0,21,19,2,0,0,0,0,0,0,0,0,0,0,0,0,0,0,6,13,0,18,6,9,1,0,0,39,10,12,45.5,0,0,0,14,6,0,35,6,14,0,1,0,45,12,10,54.5
West Ham,7c21e445,Matchweek 4,Sat,2025-09-13,EPL,Home,L,Tottenham,0,3,0.6,1.3,36,"62,459",Jarrod Bowen,4-2-3-1,Jarred Gillett,7,4,57.1,0.00,0.00,15.4,0,0,0,0.6,0.6,0.09,-0.6,-0.6,14,5,35.7,0.21,0.60,12.9,0,0,0,1.3,1.3,0.09,+1.7,+1.7,13,9,1,1,1,1,0,0,0,0,0,0,0,0,23,16,6,0,1,0,0,6,5,1,0,0,0,0,0,1,0,8,6,0,9,5,9,0,0,0,31,22,13,62.9,1,0,0,7,8,4,31,3,11,0,0,0,34,13,22,37.1
West Ham,7c21e445,Matchweek 5,Sat,2025-09-20,EPL,Home,L,Crystal Palace,1,2,0.6,2.1,57,"62,455",Jarrod Bowen,4-3-3,Tony Harrington,8,3,37.5,0.13,0.33,12.9,0,0,0,0.6,0.6,0.08,+0.4,+0.4,18,3,16.7,0.11,0.67,13.9,0,0,0,2.1,2.1,0.13,-0.1,-0.1,15,12,2,1,0,0,0,2,1,1,0,0,0,0,33,24,5,0,3,1,0,3,2,0,0,1,0,0,3,0,0,15,5,1,22,7,6,0,0,0,36,18,28,39.1,3,0,0,5,15,2,18,10,16,0,0,0,33,28,18,60.9
West Ham,7c21e445,Matchweek 6,Mon,2025-09-29,EPL,Away,D,Everton,1,1,1.2,0.7,49,"51,890",Jarrod Bowen,4-1-4-1,Samuel Barrott,14,3,21.4,0.07,0.33,15.8,0,0,0,1.2,1.2,0.09,-0.2,-0.2,12,6,50.0,0.08,0.17,16.4,1,0,0,0.7,0.7,0.06,+0.3,+0.3,22,14,3,2,2,1,0,1,1,0,0,0,0,0,23,19,0,2,0,2,0,2,2,0,0,0,0,0,4,0,0,16,7,2,18,6,7,0,0,0,40,23,21,52.3,3,0,0,7,16,0,22,5,6,0,0,0,40,21,23,47.7
West Ham,7c21e445,Matchweek 7,Sat,2025-10-04,EPL,Away,L,Arsenal,0,2,0.4,2.8,33,"60,181",Jarrod Bowen,4-1-4-1,John Brooks,4,0,0.0,0.00,,10.5,0,0,0,0.4,0.4,0.11,-0.4,-0.4,20,4,20.0,0.05,0.25,14.7,0,1,1,2.8,2.0,0.11,-0.8,-1.0,7,4,3,0,0,0,0,0,0,0,0,0,0,0,33,20,2,1,6,4,0,3,1,0,0,1,1,0,2,0,0,14,13,1,11,12,7,0,1,0,27,12,12,50.0,0,0,0,14,14,1,23,7,14,1,0,0,30,12,12,50.0
Wolves,8cec06e1,Matchweek 1,Sat,2025-08-16,EPL,Home,L,Manchester City,0,4,0.6,2.4,42,"31,456",Toti Gomes,3-4-3,Jarred Gillett,9,3,33.3,0.00,0.00,17.7,0,0,0,0.6,0.6,0.06,-0.6,-0.6,15,4,26.7,0.27,1.00,17.2,1,0,0,2.4,2.4,0.16,+1.6,+1.6,18,14,1,0,0,1,2,0,0,0,0,0,0,0,25,19,2,1,2,1,0,8,7,0,1,0,0,0,1,0,0,13,7,4,20,6,17,0,0,0,35,5,10,33.3,2,0,0,7,13,0,20,7,11,0,0,0,31,10,5,66.7
Wolves,8cec06e1,Matchweek 2,Sat,2025-08-23,EPL,Away,L,Bournemouth,0,1,0.5,1.3,41,"11,070",Toti Gomes,3-4-3,Thomas Bramall,6,1,16.7,0.00,0.00,16.8,1,0,0,0.5,0.5,0.08,-0.5,-0.5,14,4,28.6,0.07,0.25,19.1,2,0,0,1.3,1.3,0.09,-0.3,-0.3,11,9,1,0,0,1,0,0,0,0,0,0,0,0,27,19,2,1,1,2,2,2,1,0,0,0,0,1,4,1,0,16,13,2,17,9,14,0,0,0,27,25,7,78.1,2,0,0,13,16,2,20,6,9,0,0,0,31,7,25,21.9
Wolves,8cec06e1,Matchweek 3,Sat,2025-08-30,EPL,Home,L,Everton,2,3,1.1,1.9,58,"30,271",Toti Gomes,3-4-3,Michael Oliver,12,4,33.3,0.17,0.50,19.3,0,0,0,1.1,1.1,0.09,+0.9,+0.9,10,4,40.0,0.30,0.75,17.1,0,0,0,1.9,1.9,0.19,+1.1,+1.1,19,13,3,2,1,0,0,4,4,0,0,0,0,0,19,16,1,0,0,2,0,6,6,0,0,0,0,0,0,0,0,15,9,2,16,10,13,0,0,0,49,12,24,33.3,1,0,0,10,15,1,13,16,11,0,0,0,44,24,12,66.7
Wolves,8cec06e1,Matchweek 4,Sat,2025-09-13,EPL,Away,L,Newcastle Utd,0,1,0.5,1.5,43,"52,145",Toti Gomes,3-5-2,Chris Kavanagh,8,3,37.5,0.00,0.00,14.0,1,0,0,0.5,0.5,0.06,-0.5,-0.5,16,4,25.0,0.06,0.25,18.5,0,0,0,1.5,1.5,0.10,-0.5,-0.5,14,9,1,2,1,1,0,0,0,0,0,0,0,0,28,22,5,0,1,0,0,2,2,0,0,0,0,0,4,0,0,17,9,0,15,14,8,0,0,0,43,13,21,38.2,1,0,0,10,17,1,25,6,5,0,0,0,37,21,13,61.8
Wolves,8cec06e1,Matchweek 5,Sat,2025-09-20,EPL,Home,L,Leeds United,1,3,1.8,0.5,56,"30,807",Toti Gomes,3-4-3,Anthony Taylor,16,6,37.5,0.06,0.17,15.7,0,0,0,1.8,1.8,0.11,-0.8,-0.8,6,4,66.7,0.50,0.75,22.2,1,0,0,0.5,0.5,0.09,+2.5,+2.5,30,25,3,1,0,1,0,2,2,0,0,0,0,0,10,8,0,0,0,1,1,6,4,0,0,0,1,1,1,0,0,11,9,0,35,3,14,0,0,0,51,29,18,61.7,1,0,0,9,11,2,7,7,13,0,0,0,48,18,29,38.3
Wolves,8cec06e1,Matchweek 6,Sat,2025-09-27,EPL,Away,D,Tottenham,1,1,1.1,0.8,49,"60,537",Matt Doherty,4-3-3,Michael Salisbury,9,3,33.3,0.11,0.33,15.1,0,0,0,1.1,1.1,0.13,-0.1,-0.1,10,3,30.0,0.10,0.33,17.2,0,0,0,0.8,0.8,0.08,+0.2,+0.2,17,12,2,2,1,0,0,1,0,0,0,1,0,0,16,15,0,1,0,0,0,2,2,0,0,0,0,0,2,0,0,11,9,0,15,10,14,0,0,0,34,16,18,47.1,3,0,0,9,10,2,32,10,12,0,0,0,41,18,16,52.9
Wolves,8cec06e1,Matchweek 7,Sun,2025-10-05,EPL,Home,D,Brighton,1,1,0.6,0.9,41,"29,504",João Gomes,4-3-3,Jarred Gillett,6,3,50.0,0.00,0.00,17.0,1,0,0,0.6,0.6,0.09,-0.6,-0.6,17,6,35.3,0.06,0.17,19.9,2,0,0,0.9,0.9,0.05,+0.1,+0.1,12,6,2,1,0,2,1,0,0,0,0,0,0,0,29,22,2,1,1,2,1,1,0,0,0,1,0,0,2,0,0,13,9,1,15,9,14,0,0,0,45,15,12,55.6,4,0,0,9,13,3,31,9,10,0,0,1,43,12,15,44.4
